# M_main, z_main, v_vir
1.000000000000000000e+13 0.000000000000000000e+00 2.715261229886511956e+02
9.995464780372695312e+12 1.880741771257460251e-03 2.716575217909399953e+02
9.990929596573494141e+12 3.759417493769579184e-03 2.717886767563963417e+02
9.986394448659257812e+12 5.636047709116793862e-03 2.719195893680085874e+02
9.981859336700099609e+12 7.510652702122111793e-03 2.720502610898242324e+02
9.977324260750705078e+12 9.383252517116753844e-03 2.721806933681064038e+02
9.972789220874601562e+12 1.125386695207669825e-02 2.723108876309430002e+02
9.968254217135330078e+12 1.312251556703543723e-02 2.724408452888663987e+02
9.963719249596447266e+12 1.498921768796952943e-02 2.725705677351398890e+02
9.959184318319316406e+12 1.685399241207057724e-02 2.727000563461515981e+02
9.954649423376345703e+12 1.871685860625266554e-02 2.728293124813317263e+02
9.950114564820111328e+12 2.057783492352932217e-02 2.729583374843053321e+02
9.945579742716435547e+12 2.243693979362598040e-02 2.730871326822698393e+02
9.941044957124542969e+12 2.429419143476889420e-02 2.732156993868305221e+02
9.936510208112490234e+12 2.614960785088049633e-02 2.733440388938234378e+02
9.931975495739533203e+12 2.800320684254139006e-02 2.734721524840973075e+02
9.927440820069349609e+12 2.985500600533301518e-02 2.736000414234233631e+02
9.922906181165636719e+12 3.170502273460123338e-02 2.737277069628335653e+02
9.918371579094308594e+12 3.355327422816327398e-02 2.738551503388314927e+02
9.913837013912480469e+12 3.539977749423332126e-02 2.739823727739610035e+02
9.909302485690503906e+12 3.724454934555786884e-02 2.741093754764173696e+02
9.904767994489935547e+12 3.908760641140614916e-02 2.742361596408887863e+02
9.900233540374548828e+12 4.092896513624137700e-02 2.743627264484830448e+02
9.895699123401527344e+12 4.276864178659058047e-02 2.744890770672239455e+02
9.891164743643486328e+12 4.460665244469369517e-02 2.746152126516230396e+02
9.886630401162044922e+12 4.644301302231856887e-02 2.747411343436500601e+02
9.882096096018839844e+12 4.827773925904398772e-02 2.748668432726286142e+02
9.877561828275523438e+12 5.011084672513119870e-02 2.749923405554517899e+02
9.873027598002570312e+12 5.194235082057185177e-02 2.751176272965299177e+02
9.868493405261667969e+12 5.377226678518038511e-02 2.752427045885046368e+02
9.863959250112314453e+12 5.560060969790860813e-02 2.753675735122016590e+02
9.859425132625035156e+12 5.742739447464530189e-02 2.754922351365096347e+02
9.854891052861564453e+12 5.925263587845980978e-02 2.756166905190883085e+02
9.850357010890255859e+12 6.107634851608499671e-02 2.757409407061485354e+02
9.845823006770675781e+12 6.289854684608159330e-02 2.758649867330125858e+02
9.841289040566810547e+12 6.471924517628291351e-02 2.759888296239635679e+02
9.836755112344863281e+12 6.653845766680618889e-02 2.761124703924597839e+02
9.832221222168851562e+12 6.835619833417827529e-02 2.762359100414312820e+02
9.827687370105009766e+12 7.017248105156630167e-02 2.763591495633034469e+02
9.823153556217392578e+12 7.198731955308237951e-02 2.764821899403111161e+02
9.818619780576666016e+12 7.380072743204428576e-02 2.766050321443854045e+02
9.803819260845234375e+12 7.561271815023443144e-02 2.766311460182587325e+02
9.799285649022126953e+12 7.742524209485059095e-02 2.767536847442225962e+02
9.794752075784074219e+12 7.923637233530046731e-02 2.768760278007421221e+02
9.778233898448441406e+12 8.104612197633900839e-02 2.768851013677449373e+02
9.773700505244679688e+12 8.285676797358888790e-02 2.770071607673760354e+02
9.769167151001041016e+12 8.466605570409806159e-02 2.771290268679661040e+02
9.764633835770808594e+12 8.647399794670321271e-02 2.772507005809250700e+02
9.760100559635853516e+12 8.828060734564124878e-02 2.773721828078881231e+02
9.755567322651693359e+12 9.008589643391902435e-02 2.774934744422917561e+02
9.751034124887048828e+12 9.188987761937345011e-02 2.776145763684479562e+02
9.746500966412853516e+12 9.369256319066589234e-02 2.777354894619552965e+02
9.741967847291271484e+12 9.549396532341271338e-02 2.778562145901224198e+02
9.737434767588875000e+12 9.729409607700405249e-02 2.779767526117736907e+02
9.732901727370060547e+12 9.909296739821160660e-02 2.780971043774859481e+02
9.728368726712421875e+12 1.008905911172595510e-01 2.782172707293497638e+02
9.723835765669406250e+12 1.026869789639273250e-01 2.783372525020483295e+02
9.719302844316445312e+12 1.044821425507263535e-01 2.784570505217413370e+02
9.714769962707023438e+12 1.062760933924123130e-01 2.785766656073915328e+02
9.710237120923195312e+12 1.080688428867124240e-01 2.786960985694695978e+02
9.705704319027267578e+12 1.098604023355795600e-01 2.788153502113973445e+02
9.701171557088152344e+12 1.116507829355428000e-01 2.789344213288974856e+02
9.696638835163802734e+12 1.134399957869742653e-01 2.790533127106407960e+02
9.692106153336337891e+12 1.152280518807752008e-01 2.791720251373504311e+02
9.687573511659357422e+12 1.170149621208689816e-01 2.792905593833129387e+02
9.683040910206236328e+12 1.188007373065363970e-01 2.794089162152151289e+02
9.678508349045976562e+12 1.205853881432478042e-01 2.795270963928712717e+02
9.673975828243208984e+12 1.223689252439933983e-01 2.796451006693206978e+02
9.669443347864777344e+12 1.241513591277789708e-01 2.797629297907312775e+02
9.664910907979736328e+12 1.259327002210368363e-01 2.798805844965056053e+02
9.660378508659357422e+12 1.277129588588750142e-01 2.799980655193721191e+02
9.655846149966150391e+12 1.294921452906597215e-01 2.801153735857630522e+02
9.651313831973613281e+12 1.312702696733344387e-01 2.802325094153789564e+02
9.646781554742101562e+12 1.330473420819095476e-01 2.803494737218838964e+02
9.642249318342958984e+12 1.348233725014987006e-01 2.804662672123976108e+02
9.637717122851929688e+12 1.365983708308341205e-01 2.805828905877301054e+02
9.633184968333814453e+12 1.383723468893830466e-01 2.806993445428567497e+02
9.628652854849044922e+12 1.401453104158560947e-01 2.808156297668267598e+02
9.624120782480000000e+12 1.419172710590551056e-01 2.809317469421723672e+02
9.609518523962429688e+12 1.436882383988079548e-01 2.809495912922081970e+02
9.604986625900158203e+12 1.454601144648053346e-01 2.810654595313078516e+02
9.600454769307128906e+12 1.472310139627652781e-01 2.811811614346552801e+02
9.595922954252683594e+12 1.490009462617180591e-01 2.812966976639569339e+02
9.591391180799605469e+12 1.507699206567748029e-01 2.814120688754856019e+02
9.586859449021656250e+12 1.525379463630092136e-01 2.815272757196821090e+02
9.582327758983849609e+12 1.543050325245459431e-01 2.816423188417655297e+02
9.577796110762177734e+12 1.560711882074108658e-01 2.817571988812639461e+02
9.573264504419501953e+12 1.578364224098892099e-01 2.818719164726962276e+02
9.568732940031851562e+12 1.596007440535348043e-01 2.819864722450020622e+02
9.564201417659937500e+12 1.613641619948173733e-01 2.821008668222964388e+02
9.559669937375447266e+12 1.631266850157984671e-01 2.822151008232713139e+02
9.555138499261035156e+12 1.648883218254035554e-01 2.823291748612952006e+02
9.550607103370902344e+12 1.666490810750751728e-01 2.824430895454195252e+02
9.546075749789933594e+12 1.684089713368922825e-01 2.825568454789746511e+02
9.541544438578941406e+12 1.701680011257776515e-01 2.826704432610155777e+02
9.537013169803138672e+12 1.719261788890596998e-01 2.827838834856472658e+02
9.532481943538705078e+12 1.736835130046639752e-01 2.828971667419127130e+02
9.527950759857464844e+12 1.754400117881894094e-01 2.830102936142645831e+02
9.523419618824689453e+12 1.771956834943523573e-01 2.831232646826581458e+02
9.518888520514431641e+12 1.789505363116193071e-01 2.832360805222071463e+02
9.514357464998570312e+12 1.807045783674522954e-01 2.833487417035332214e+02
9.509826452346820312e+12 1.824578177291419079e-01 2.834612487928269502e+02
9.505295482633289062e+12 1.842102624016363488e-01 2.835736023517053468e+02
9.500764555927728516e+12 1.859619203319668457e-01 2.836858029375086971e+02
9.496233672288968750e+12 1.877127994122965993e-01 2.837978511034958160e+02
9.491702831804310547e+12 1.894629074656635215e-01 2.839097473979442725e+02
9.487172034539191406e+12 1.912122522657893620e-01 2.840214923654144172e+02
9.482641280561257812e+12 1.929608415286095113e-01 2.841330865462168163e+02
9.478110569946925781e+12 1.947086829105454386e-01 2.842445304763101035e+02
9.473579902759507812e+12 1.964557840173670189e-01 2.843558246878662317e+02
9.469049279077650391e+12 1.982021523939360153e-01 2.844669697086226847e+02
9.464518698973455078e+12 1.999477955334247048e-01 2.845779660624791063e+02
9.459988162510298828e+12 2.016927208785585235e-01 2.846888142695746069e+02
9.455457669775634766e+12 2.034369358098897518e-01 2.847995148455553363e+02
9.450927220824134766e+12 2.051804476680040012e-01 2.849100683029815286e+02
9.446396815738917969e+12 2.069232637306701039e-01 2.850204751498853852e+02
9.441866454585630859e+12 2.086653912312622372e-01 2.851307358909479035e+02
9.437336137436501953e+12 2.104068373497654243e-01 2.852408510269252702e+02
9.432805864368152344e+12 2.121476092143982084e-01 2.853508210547618660e+02
9.428275635455037109e+12 2.138877139049644438e-01 2.854606464678134330e+02
9.423745450758517578e+12 2.156271584568840438e-01 2.855703277560870106e+02
9.419215310357464844e+12 2.173659498507671539e-01 2.856798654056074724e+02
9.349955150394197266e+12 2.191040950192083281e-01 2.851327778207424899e+02
9.345425741861085938e+12 2.208538558672297203e-01 2.852425596797085632e+02
9.340896378891437500e+12 2.226029746787119568e-01 2.853521976312326842e+02
9.336367061553595703e+12 2.243514583953551411e-01 2.854616921567115355e+02
9.331837789931203125e+12 2.260993139056928225e-01 2.855710437336682048e+02
9.327308564090466797e+12 2.278465480586253367e-01 2.856802528366133060e+02
9.322779384110707031e+12 2.295931676518088715e-01 2.857893199363142571e+02
9.318250250069087891e+12 2.313391794381866318e-01 2.858982455002113170e+02
9.313721162038429688e+12 2.330845901274992971e-01 2.860070299925204722e+02
9.309192120089392578e+12 2.348294063855109470e-01 2.861156738741773893e+02
9.304663124299208984e+12 2.365736348315600757e-01 2.862241776027007063e+02
9.300134174745126953e+12 2.383172820413722026e-01 2.863325416323663717e+02
9.295605271493517578e+12 2.400603545517746296e-01 2.864407664145054468e+02
9.291076414628218750e+12 2.418028588502009468e-01 2.865488523968550112e+02
9.286547604226548828e+12 2.435448013844142834e-01 2.866568000241670688e+02
9.282018840359306641e+12 2.452861885629517846e-01 2.867646097382391304e+02
9.277490123095136719e+12 2.470270267539846076e-01 2.868722819778493545e+02
9.272961452520146484e+12 2.487673222780820148e-01 2.869798171783098724e+02
9.268432828709564453e+12 2.505070814195787809e-01 2.870872157721743747e+02
9.263904251732105469e+12 2.522463104254421551e-01 2.871944781891747311e+02
9.259375721669585938e+12 2.539850154980127228e-01 2.873016048557724389e+02
9.254847238590763672e+12 2.557232028056045103e-01 2.874085961958199391e+02
9.250318802581859375e+12 2.574608784710226139e-01 2.875154526298522342e+02
9.245790413707324219e+12 2.591980485871469564e-01 2.876221745760526005e+02
9.241262072051242188e+12 2.609347192014597749e-01 2.877287624493048952e+02
9.236733777686828125e+12 2.626708963282131104e-01 2.878352166619472428e+02
9.232205530696035156e+12 2.644065859410503205e-01 2.879415376233154120e+02
9.227677331145587891e+12 2.661417939828586987e-01 2.880477257403580893e+02
9.223149179117486328e+12 2.678765263542159381e-01 2.881537814169254261e+02
9.218621074689394531e+12 2.696107889214496289e-01 2.882597050542715351e+02
9.214093017932468750e+12 2.713445875178432387e-01 2.883654970511304327e+02
9.209565008930955078e+12 2.730779279364447532e-01 2.884711578032797092e+02
9.205037047758236328e+12 2.748108159396615013e-01 2.885766877041306202e+02
9.200509134494250000e+12 2.765432572528058186e-01 2.886820871443341616e+02
9.195981269208070312e+12 2.782752575711212040e-01 2.887873565122119999e+02
9.173593284195873047e+12 2.800068225519801723e-01 2.887052565270159334e+02
9.169065705747447266e+12 2.817413867333508071e-01 2.888104102215855278e+02
9.164538175822259766e+12 2.834755249425209289e-01 2.889154345588910928e+02
9.160010694496111328e+12 2.852092427723564860e-01 2.890203299190890789e+02
9.155483261849179688e+12 2.869425457813222224e-01 2.891250966797589967e+02
9.150955877948613281e+12 2.886754395004907381e-01 2.892297352163308233e+02
9.146428542885515625e+12 2.904079294198048666e-01 2.893342459012611130e+02
9.141901256735787109e+12 2.921400210031994127e-01 2.894386291049439706e+02
9.137374019575353516e+12 2.938717196832604794e-01 2.895428851953961953e+02
9.132846831482337891e+12 2.956030308605245849e-01 2.896470145382132841e+02
9.128319692534892578e+12 2.973339599047736259e-01 2.897510174966546401e+02
9.123792602811193359e+12 2.990645121554206254e-01 2.898548944316719371e+02
9.119265562398136719e+12 3.007946929181607998e-01 2.899586457017021530e+02
9.114738571363076172e+12 3.025245074764146280e-01 2.900622716633668574e+02
9.110211629792960938e+12 3.042539610763996261e-01 2.901657726705719256e+02
9.105684737761718750e+12 3.059830589400769352e-01 2.902691490752922050e+02
8.432645483991722656e+12 3.077118062563535816e-01 2.830812255776275492e+02
8.428126968529195312e+12 3.095792699684677407e-01 2.831899974806624982e+02
8.423608515796085938e+12 3.114463288075584035e-01 2.832986284708238145e+02
8.419090125888324219e+12 3.133129892126701455e-01 2.834071189713232002e+02
8.414571798897586914e+12 3.151792575862418788e-01 2.835154694026091420e+02
8.410053534926318359e+12 3.170451402886337866e-01 2.836236801820624009e+02
8.405535334064124023e+12 3.189106436482486706e-01 2.837317517245865588e+02
8.401017196415670898e+12 3.207757739501421179e-01 2.838396844419445983e+02
8.396499122077076172e+12 3.226405374465691200e-01 2.839474787433857728e+02
8.391981111144496094e+12 3.245049403532279109e-01 2.840551350354151054e+02
8.387463163716272461e+12 3.263689888492875557e-01 2.841626537218136832e+02
8.382945279886491211e+12 3.282326890802797492e-01 2.842700352038058327e+02
8.378427459753569336e+12 3.300960471547335628e-01 2.843772798798634653e+02
8.373909703418105469e+12 3.319590691455091003e-01 2.844843881457895236e+02
8.369392010972157227e+12 3.338217610946250802e-01 2.845913603950003221e+02
8.364874382520689453e+12 3.356841290048975801e-01 2.846981970180527242e+02
8.360356818157981445e+12 3.375461788496315618e-01 2.848048984031937039e+02
8.355839317984786133e+12 3.394079165663793640e-01 2.849114649360191720e+02
8.351321882101892578e+12 3.412693480593965711e-01 2.850178969996040905e+02
8.346804510599410156e+12 3.431304792047641383e-01 2.851241949748086881e+02
8.342287203586780273e+12 3.449913158382945100e-01 2.852303592395894043e+02
8.337769961156334961e+12 3.468518637708502550e-01 2.853363901698770633e+02
8.333252783406875000e+12 3.487121287789372026e-01 2.854422881390423186e+02
8.328735670443669922e+12 3.505721166047344739e-01 2.855480535178939476e+02
8.324218622354884766e+12 3.524318329667641136e-01 2.856536866753064601e+02
7.713874769425240234e+12 3.542912835446052067e-01 2.786474975548658790e+02
7.191717020766498047e+12 3.562977878245103813e-01 2.723742942248036343e+02
7.187219919339411133e+12 3.584489644941827313e-01 2.724906086761175175e+02
7.182722913016711914e+12 3.605997891691845036e-01 2.726067556196462647e+02
7.155292046956261719e+12 3.627502704606999084e-01 2.724319820481618990e+02
7.150795720014838867e+12 3.649073179856745508e-01 2.725480496425689125e+02
7.146299489334693359e+12 3.670640366722370262e-01 2.726639504046791558e+02
7.141803355073600586e+12 3.692204350485072117e-01 2.727796848575196691e+02
7.137307317364333984e+12 3.713765216029208394e-01 2.728952535209845109e+02
7.132811376360640625e+12 3.735323047625228599e-01 2.730106569106698089e+02
7.128315532197539062e+12 3.756877929130527094e-01 2.731258955389689049e+02
7.123819785028930664e+12 3.778429943808400138e-01 2.732409699140926591e+02
7.119324134998346680e+12 3.799979174480885291e-01 2.733558805409118690e+02
7.114828582251485352e+12 3.821525703469179081e-01 2.734706279206313297e+02
7.110333126927857422e+12 3.843069612639055110e-01 2.735852125510375004e+02
7.105837769187935547e+12 3.864610983280573620e-01 2.736996349258769783e+02
7.101342509167212891e+12 3.886149896327214526e-01 2.738138955360104774e+02
7.096847347020050781e+12 3.907686432156857737e-01 2.739279948683772545e+02
7.092352282886277344e+12 3.929220670753861833e-01 2.740419334068521948e+02
7.087857316912060547e+12 3.950752691612888223e-01 2.741557116317383702e+02
7.083362449247824219e+12 3.972282573759344237e-01 2.742693300198961310e+02
7.078867680050331055e+12 3.993810395738661145e-01 2.743827890446778497e+02
7.074373009455553711e+12 4.015336235751677529e-01 2.744960891766482405e+02
7.069878437614152344e+12 4.036860171492425153e-01 2.746092308827423949e+02
7.065383964678953125e+12 4.058382280213000959e-01 2.747222146266145160e+02
7.060889590792431641e+12 4.079902638784401181e-01 2.748350408689519782e+02
7.056395316105487305e+12 4.101421323614607428e-01 2.749477100670600294e+02
7.051901140764929688e+12 4.122938410710215718e-01 2.750602226751828425e+02
7.047407064919735352e+12 4.144453975654807110e-01 2.751725791444055176e+02
7.042913088723130859e+12 4.165968093600171396e-01 2.752847799226056509e+02
7.038419212326338867e+12 4.187480839302721303e-01 2.753968254546539924e+02
7.033925435874407227e+12 4.208992287144595612e-01 2.755087161825208568e+02
7.029431759520807617e+12 4.230502511072862237e-01 2.756204525449778089e+02
7.024938183410753906e+12 4.252011584679078471e-01 2.757320349780040374e+02
7.020444707702046875e+12 4.273519581107635412e-01 2.758434639143267191e+02
7.015951332544233398e+12 4.295026573156057181e-01 2.759547397839370433e+02
7.011458058084859375e+12 4.316532633250032003e-01 2.760658630139670890e+02
4.391036703029668457e+12 4.338037833411070854e-01 2.363376731962979136e+02
4.386640323369133301e+12 4.372111381142381736e-01 2.364890457232947654e+02
4.382244198718329102e+12 4.406181650072266143e-01 2.366400884305040222e+02
4.377848329524055664e+12 4.440248920649048081e-01 2.367908027638118256e+02
4.373452716222039551e+12 4.474313471072418613e-01 2.369411901542665930e+02
4.369057359248461426e+12 4.508375577245022914e-01 2.370912520179104774e+02
4.364662259039958008e+12 4.542435512808639109e-01 2.372409897559783474e+02
4.360267416041298340e+12 4.576493549118362258e-01 2.373904047548182916e+02
4.355872830693869629e+12 4.610549955369135922e-01 2.375394983864925109e+02
4.351478503443353516e+12 4.644604998573221288e-01 2.376882720087219525e+02
4.347084434728221191e+12 4.678658943681016091e-01 2.378367269654471556e+02
4.342690624991241699e+12 4.712712053530058731e-01 2.379848645866536003e+02
4.338297074687149902e+12 4.746764588813685570e-01 2.381326861882638468e+02
4.333903784255808105e+12 4.780816808323537503e-01 2.382801930732343294e+02
4.329510754149047363e+12 4.814868968776554459e-01 2.384273865308480822e+02
4.325117984811498535e+12 4.848921324991764537e-01 2.385742678375106038e+02
4.320725476692096191e+12 4.882974129831244570e-01 2.387208382565290776e+02
4.316333230244076660e+12 4.917027634231823097e-01 2.388670990382900925e+02
4.311941245921146973e+12 4.951082087264069287e-01 2.390130514205487202e+02
4.307549524169829102e+12 4.985137736222697291e-01 2.391586966288556653e+02
4.303158065440952148e+12 5.019194826563458944e-01 2.393040358763145150e+02
4.298766870197306152e+12 5.053253601873435308e-01 2.394490703634958209e+02
4.294375938890674805e+12 5.087314304073675686e-01 2.395938012793287157e+02
4.277765378563121582e+12 5.121377173364036750e-01 2.395103842924123398e+02
4.273375716122372070e+12 5.155536668446962789e-01 2.396547788206069072e+02
4.268986320263222656e+12 5.189698811845552262e-01 2.397988718709499665e+02
4.264597191456045898e+12 5.223863840573790274e-01 2.399426645939431353e+02
4.260208330167879883e+12 5.258031990034061076e-01 2.400861581288070283e+02
4.255819736862433105e+12 5.292203494047723611e-01 2.402293536036538057e+02
4.251431411996270020e+12 5.326378584899554847e-01 2.403722521356796733e+02
4.247043356034092773e+12 5.360557493255611039e-01 2.405148548308832233e+02
4.242655569452558594e+12 5.394740448145544098e-01 2.406571627839970233e+02
4.238268052717364746e+12 5.428927677172501465e-01 2.407991770794141928e+02
4.233880806298529785e+12 5.463119406411293122e-01 2.409408987907794142e+02
4.229493830658940918e+12 5.497315860524559783e-01 2.410823289815115515e+02
4.225107126281071777e+12 5.531517262575245120e-01 2.412234687040544543e+02
4.220720693628822754e+12 5.565723834347012788e-01 2.413643190012346338e+02
4.216334533181862793e+12 5.599935796096193741e-01 2.415048809052614729e+02
4.211948645408926758e+12 5.634153366783229977e-01 2.416451554387153351e+02
4.207563030786889648e+12 5.668376763942429841e-01 2.417851436140344390e+02
4.203177689793138672e+12 5.702606203764311044e-01 2.419248464338881774e+02
4.198792622905575195e+12 5.736841901114932973e-01 2.420642648912826473e+02
4.194407830598806641e+12 5.771084069582778087e-01 2.422033999697718798e+02
4.190023313363199219e+12 5.805332921354982023e-01 2.423422526429974653e+02
4.185639071666780762e+12 5.839588667532182864e-01 2.424808238759890173e+02
4.181255105993339844e+12 5.873851517843662329e-01 2.426191146240194882e+02
4.176871416834802734e+12 5.908121680732472125e-01 2.427571258329977866e+02
4.172488004668388672e+12 5.942399363552816061e-01 2.428948584402919550e+02
4.168104869979459961e+12 5.976684772404932122e-01 2.430323133740773471e+02
4.163722013253907715e+12 6.010978112214416802e-01 2.431694915536882036e+02
4.159339434985762207e+12 6.045279586689684681e-01 2.433063938894725595e+02
4.154957135650564453e+12 6.079589398549195556e-01 2.434430212837287684e+02
4.150575115751017090e+12 6.113907749178962847e-01 2.435793746293597337e+02
4.146193375767538086e+12 6.148234839035335852e-01 2.437154548114998249e+02
4.141811916192493164e+12 6.182570867398876624e-01 2.438512627065732090e+02
4.137430737522588379e+12 6.216916032444030904e-01 2.439867991825820468e+02
4.133049840247469238e+12 6.251270531345900494e-01 2.441220650995559254e+02
4.128669224864924805e+12 6.285634560179726993e-01 2.442570613091861844e+02
4.124288891877086426e+12 6.320008313963727531e-01 2.443917886550146079e+02
4.119908841775235352e+12 6.354391986787315538e-01 2.445262479729431107e+02
4.115529075051205078e+12 6.388785771755279841e-01 2.446604400910827906e+02
4.111149592208772949e+12 6.423189860889764180e-01 2.447943658293368685e+02
4.106770393752266113e+12 6.457604445250155756e-01 2.449280259999330269e+02
4.102391480178974121e+12 6.492029715001241819e-01 2.450614214076950361e+02
4.098012851994333496e+12 6.526465859308973050e-01 2.451945528496623012e+02
4.093634509700543945e+12 6.560913066444783448e-01 2.453274211155189448e+02
4.089256453804159668e+12 6.595371523738060571e-01 2.454600269874279661e+02
4.084878684812295410e+12 6.629841417619279920e-01 2.455923712402185686e+02
4.080501203228838379e+12 6.664322933664410531e-01 2.457244546415811044e+02
4.076124009562033691e+12 6.698816256548342229e-01 2.458562779519089929e+02
3.779463038967288086e+12 6.733321570085715191e-01 2.399551513863792991e+02
3.775106987203083984e+12 6.770405242041425131e-01 2.400929241175828110e+02
3.770751261966873535e+12 6.807502901558853958e-01 2.402304057705659375e+02
3.766395863861373047e+12 6.844614772800280411e-01 2.403675972356371346e+02
3.762040793486287598e+12 6.881741078875999174e-01 2.405044993943226643e+02
3.757686051438319824e+12 6.918882041854225173e-01 2.406411131194106474e+02
3.753331638322375488e+12 6.956037882692321928e-01 2.407774392747498382e+02
3.748977554747827637e+12 6.993208821277357989e-01 2.409134787154078197e+02
3.744623801324784180e+12 7.030395076481512628e-01 2.410492322879193807e+02
3.740270378656629395e+12 7.067596866230856367e-01 2.411847008305347231e+02
3.735917287354954102e+12 7.104814407405509735e-01 2.413198851729101193e+02
3.731564528024635254e+12 7.142047915977529637e-01 2.414547861366220332e+02
3.727212101282487793e+12 7.179297606873140669e-01 2.415894045347079384e+02
3.722860007738620117e+12 7.216563694133789619e-01 2.417237411722412617e+02
3.718508248007623535e+12 7.253846390853937454e-01 2.418577968461767682e+02
3.714156822708572754e+12 7.291145909181708795e-01 2.419915723453425187e+02
3.709805732461301758e+12 7.328462460369081777e-01 2.421250684506549646e+02
3.705454977886404785e+12 7.365796254794335640e-01 2.422582859352428954e+02
3.701104559601516602e+12 7.403147501993705415e-01 2.423912255645465734e+02
3.696754478232489258e+12 7.440516410596230701e-01 2.425238880961516941e+02
3.692404734398497559e+12 7.477903188451744398e-01 2.426562742802327080e+02
3.688055328734380371e+12 7.515308042461021909e-01 2.427883848589953004e+02
3.683706261857142090e+12 7.552731178874875217e-01 2.429202205677512154e+02
3.679357534403173828e+12 7.590172802987623646e-01 2.430517821338582110e+02
3.675009146998484375e+12 7.627633119402659201e-01 2.431830702776694295e+02
3.670661100281026367e+12 7.665112331863417339e-01 2.433140857119872464e+02
3.666313394878382812e+12 7.702610643447913574e-01 2.434448291427393372e+02
3.661966031426365234e+12 7.740128256425106157e-01 2.435753012685071610e+02
3.657619010561577148e+12 7.777665372336681759e-01 2.437055027808468424e+02
3.653272332925132812e+12 7.815222191967117205e-01 2.438354343641801449e+02
3.648925999158944336e+12 7.852798915397557478e-01 2.439650966960274445e+02
3.644580009890871094e+12 7.890395742139829638e-01 2.440944904474715997e+02
3.640234365771860840e+12 7.928012870830777326e-01 2.442236162821342020e+02
3.635889067446240234e+12 7.965650499504156601e-01 2.443524748571419991e+02
3.631544115562858398e+12 8.003308825495378809e-01 2.444810668227919450e+02
3.589222132762340820e+12 8.040988045558686848e-01 2.437526956606459123e+02
3.584880944457169434e+12 8.079070180725066441e-01 2.438816236555875037e+02
3.580540110296946289e+12 8.117173993873312288e-01 2.440102824044051886e+02
3.576199630948524902e+12 8.155299685678366606e-01 2.441386725487801357e+02
3.571859507079610840e+12 8.193447456188800437e-01 2.442667947237766555e+02
3.567519739358766113e+12 8.231617504832632326e-01 2.443946495578663871e+02
3.563180328466505859e+12 8.269810030333277773e-01 2.445222376726731568e+02
3.558841275062020508e+12 8.308025231016514800e-01 2.446495596840252063e+02
3.554502579827551758e+12 8.346263304427229412e-01 2.447766162006835771e+02
3.550164243446205078e+12 8.384524447533452385e-01 2.449034078250393520e+02
3.545826266583481445e+12 8.422808856907684216e-01 2.450299351537501309e+02
3.541488649924233398e+12 8.461116728404486365e-01 2.451561987766705215e+02
3.537151394157881348e+12 8.499448257305840526e-01 2.452821992773665158e+02
3.506074723971790527e+12 8.537803638521521687e-01 2.447872065112662767e+02
3.501740441481288574e+12 8.576462798556305778e-01 2.449132943588477076e+02
3.497406526202022949e+12 8.615146523108564436e-01 2.450391175692135164e+02
3.482044575450269531e+12 8.653855009574471513e-01 2.449063916785768811e+02
3.477712338098562012e+12 8.692705635094988281e-01 2.450319410543784500e+02
3.473380471862388184e+12 8.731581555463283628e-01 2.451572261402542097e+02
3.469048977452762695e+12 8.770482968320144623e-01 2.452822474932998773e+02
3.464717855577956543e+12 8.809410070855978603e-01 2.454070056646895353e+02
3.460387106947181152e+12 8.848363059790128604e-01 2.455315011996304122e+02
3.456056732274268555e+12 8.887342131346404051e-01 2.456557346372983943e+02
3.451726732281349609e+12 8.926347481226990510e-01 2.457797065107652656e+02
3.447397107684149414e+12 8.965379304762639556e-01 2.459034173475144485e+02
3.443067859206696777e+12 9.004437796777964298e-01 2.460268676689973120e+02
3.425086108699042480e+12 9.043523151746005739e-01 2.458238614409931984e+02
3.420758810391360840e+12 9.082784324591256508e-01 2.459471052718935766e+02
3.416431892669637207e+12 9.122072939223554444e-01 2.460700884501355574e+02
3.412105356268491211e+12 9.161389190983759701e-01 2.461928114797485136e+02
3.407779201923523438e+12 9.200733274824758334e-01 2.463152748591521117e+02
3.403453430367654785e+12 9.240105385344431488e-01 2.464374790812471190e+02
3.399128042342129883e+12 9.279505716701124118e-01 2.465594246331842498e+02
3.394803038592850098e+12 9.318934462653577500e-01 2.466811119964986574e+02
3.390478419863048340e+12 9.358391816638738092e-01 2.468025416473693667e+02
3.386154186885970215e+12 9.397877971842554246e-01 2.469237140568354221e+02
3.381830340421507324e+12 9.437393120878158070e-01 2.470446296898318508e+02
3.377506881208586426e+12 9.476937456232717993e-01 2.471652890065838903e+02
3.362812363062795898e+12 9.516511169935367720e-01 2.470319911482218629e+02
3.358490616497830078e+12 9.556230855803243829e-01 2.471523756978413076e+02
3.142617979893641602e+12 9.595980465351909849e-01 2.419606256724218269e+02
3.138317234545895020e+12 9.638302097397241086e-01 2.420855679406611500e+02
3.134016922076596680e+12 9.680657725086416754e-01 2.422102266623875835e+02
3.129717043344462402e+12 9.723047578896250043e-01 2.423346023514720002e+02
3.125417599234739258e+12 9.765471888695325120e-01 2.424586955146261289e+02
3.073695615500968262e+12 9.807930884172062491e-01 2.413476133060158872e+02
3.069401919009413574e+12 9.851045971210105057e-01 2.414723449189022233e+02
3.065108669657060547e+12 9.894197162311890725e-01 2.415967885116881746e+02
3.060815868356043457e+12 9.937384695960564951e-01 2.417209445858486276e+02
3.056523516019847168e+12 9.980608810306417222e-01 2.418448136362894161e+02
3.052231613570500488e+12 1.002386974311116674e+00 2.419683961512181440e+02
3.047940161920620605e+12 1.006716773193516934e+00 2.420916926126821238e+02
3.043649161994967773e+12 1.011050301393699113e+00 2.422147034960251233e+02
3.039358614716087402e+12 1.015387582602515826e+00 2.423374292703252024e+02
3.035068521011495117e+12 1.019728640479592663e+00 2.424598703982302652e+02
3.030778881802919434e+12 1.024073498666177917e+00 2.425820273363578963e+02
3.026489698027830078e+12 1.028422180762798233e+00 2.427039005346375404e+02
2.907344654098227051e+12 1.032774710357411641e+00 2.397095484904848774e+02
2.903069008545581543e+12 1.037293593298715288e+00 2.398338524409662682e+02
2.898793847440046387e+12 1.041816646136578983e+00 2.399578559418164332e+02
2.894519171797076660e+12 1.046343895035563687e+00 2.400815594648294962e+02
2.890244982633718262e+12 1.050875366135952005e+00 2.402049634748997278e+02
2.885971280965061523e+12 1.055411085559610385e+00 2.403280684302174564e+02
2.881698067829119141e+12 1.059951079384446215e+00 2.404508747815831669e+02
2.877425344240645020e+12 1.064495373694416047e+00 2.405733829737712881e+02
2.873153111237321777e+12 1.069043994531938546e+00 2.406955934442627836e+02
2.868881369854900391e+12 1.073596967925854573e+00 2.408175066240259525e+02
2.864610121134309082e+12 1.078154319884552903e+00 2.409391229373316037e+02
2.860339366107469727e+12 1.082716076412028050e+00 2.410604428021869410e+02
2.856069105822139160e+12 1.087282263483551503e+00 2.411814666297260317e+02
2.851799341320631348e+12 1.091852907069121192e+00 2.413021948248359081e+02
2.847530073654010742e+12 1.096428033118644674e+00 2.414226277857543437e+02
2.843261303871461914e+12 1.101007667575539806e+00 2.415427659044700874e+02
2.838993033034470703e+12 1.105591836362367797e+00 2.416626095663494311e+02
2.834725262195574707e+12 1.110180565404777608e+00 2.417821591507752998e+02
2.830457992419622559e+12 1.114773880609525980e+00 2.419014150305760040e+02
2.826191224766077148e+12 1.119371807885056747e+00 2.420203775725837545e+02
2.821924960310257812e+12 1.123974373119544845e+00 2.421390471370714295e+02
2.817659200115039551e+12 1.128581602212447521e+00 2.422574240785771167e+02
2.813393945259162109e+12 1.133193521045313457e+00 2.423755087451669681e+02
2.809129196816015625e+12 1.137810155505398546e+00 2.424933014790428558e+02
2.804864955867791992e+12 1.142431531471535200e+00 2.426108026161918474e+02
2.800601223501951172e+12 1.147057674819406792e+00 2.427280124865417861e+02
2.796338000804164551e+12 1.151688611429932063e+00 2.428449314141740274e+02
2.792075288861857422e+12 1.156324367187174351e+00 2.429615597172946195e+02
2.787813088771276367e+12 1.160964967970469885e+00 2.430778977080121592e+02
2.783551401623377441e+12 1.165610439671501464e+00 2.431939456927926528e+02
2.779290228517952148e+12 1.170260808180667800e+00 2.433097039721426427e+02
2.775029570556575684e+12 1.174916099394728075e+00 2.434251728407805047e+02
2.770769428849665527e+12 1.179576339210734792e+00 2.435403525875096307e+02
2.766509804502386719e+12 1.184241553541824921e+00 2.436552434955991941e+02
2.762250698628761230e+12 1.188911768304121264e+00 2.437698458425007857e+02
2.757992112351668945e+12 1.193587009416584799e+00 2.438841598998235156e+02
2.753734046781722168e+12 1.198267302825421821e+00 2.439981859339418975e+02
2.749476503048971191e+12 1.202952674470614713e+00 2.441119242051919684e+02
2.745219482271222656e+12 1.207643150321777270e+00 2.442253749687512538e+02
2.740962985585727051e+12 1.212338756343532609e+00 2.443385384737835011e+02
2.736707014121032227e+12 1.217039518528722608e+00 2.444514149642803886e+02
2.732451569014583008e+12 1.221745462878833566e+00 2.445640046785611901e+02
2.728196651398665527e+12 1.226456615421676721e+00 2.446763078497322681e+02
2.723942262425020020e+12 1.231173002184136500e+00 2.447883247050137925e+02
2.719688403240239746e+12 1.235894649220926622e+00 2.449000554664466165e+02
2.715435074992814941e+12 1.240621582607557061e+00 2.450115003507195297e+02
2.711182278836650391e+12 1.245353828437662624e+00 2.451226595691166210e+02
2.706930015924053711e+12 1.250091412831870752e+00 2.452335333277310099e+02
2.702678287419782227e+12 1.254834361922394281e+00 2.453441218270871786e+02
2.698427094487011230e+12 1.259582701870550325e+00 2.454544252625795480e+02
2.694176438287347656e+12 1.264336458867178825e+00 2.455644438244668493e+02
2.668739728322608398e+12 1.269095659110018204e+00 2.450274779606770608e+02
2.664492855095767090e+12 1.273895834805356175e+00 2.451374705549023361e+02
2.660246528062906738e+12 1.278701583762753335e+00 2.452471752281070962e+02
2.656000748417454102e+12 1.283512932850367605e+00 2.453565921537216639e+02
2.651755517365352539e+12 1.288329908955416547e+00 2.454657214996486232e+02
2.647510836107589355e+12 1.293152539005148149e+00 2.455745634287452788e+02
2.643266705868158691e+12 1.297980849936714254e+00 2.456831180981628222e+02
2.639023127848650879e+12 1.302814868749684551e+00 2.457913856605273963e+02
2.634780103277166016e+12 1.307654622449765380e+00 2.458993662626302239e+02
2.094835325030911377e+12 1.312500138103799729e+00 2.280251205754366879e+02
1.992212823459848877e+12 1.318496951812939688e+00 2.245092975467443352e+02
1.988072491131185791e+12 1.324775777248750286e+00 2.246361026223961517e+02
1.983932959153969482e+12 1.331064108050070693e+00 2.247624664256063340e+02
1.979794229588998291e+12 1.337362001412664592e+00 2.248883892304612289e+02
1.975656304511384766e+12 1.343669514617069405e+00 2.250138712980041191e+02
1.874688830182271973e+12 1.349986705039869062e+00 2.213909986789735740e+02
1.870572112987267578e+12 1.356613377796362485e+00 2.215194182247814183e+02
1.866456258133819336e+12 1.363250742761506373e+00 2.216473620895569354e+02
1.862341267923023926e+12 1.369898865922585918e+00 2.217748305175899759e+02
1.858227144664383057e+12 1.376557813397149665e+00 2.219018237382937855e+02
1.854113890682341797e+12 1.383227651426899074e+00 2.220283419660912330e+02
1.850001508303290283e+12 1.389908446402505549e+00 2.221543854008698418e+02
1.815387190345215332e+12 1.396600264836764360e+00 2.210487763951836655e+02
1.811283139630972656e+12 1.403406299526853251e+00 2.211751188547585798e+02
1.807179985371784912e+12 1.410223820074991474e+00 2.213009746930191284e+02
1.803077730010721191e+12 1.417052896482852820e+00 2.214263440593890380e+02
1.798976375996415283e+12 1.423893598925485282e+00 2.215512270881593508e+02
1.794875925789570312e+12 1.430745997745442422e+00 2.216756238983753065e+02
1.790776381853286865e+12 1.437610163475104175e+00 2.217995345942643723e+02
1.786677746666030273e+12 1.444486166816042916e+00 2.219229592647569973e+02
1.782580022715190918e+12 1.451374078658137057e+00 2.220458979839083895e+02
1.778483212500344482e+12 1.458273970076343184e+00 2.221683508107642524e+02
1.774387318526825195e+12 1.465185912346306463e+00 2.222903177896225770e+02
1.770292343318663086e+12 1.472109976927143515e+00 2.224117989497083840e+02
1.766198289389589600e+12 1.479046235515391938e+00 2.225327943061048188e+02
1.762105159294654541e+12 1.485994759961768219e+00 2.226533038582606991e+02
1.758012955578674805e+12 1.492955622363827617e+00 2.227733275916049536e+02
1.753921680789179199e+12 1.499928895047358823e+00 2.228928654771472111e+02
1.749831337505409668e+12 1.506914650522803489e+00 2.230119174707342040e+02
1.745741928306155029e+12 1.513912961543683933e+00 2.231304835140019520e+02
1.741653455782660156e+12 1.520923901089795249e+00 2.232485635340670171e+02
1.737565922529017334e+12 1.527947542387741109e+00 2.233661574438232549e+02
1.733479331158268066e+12 1.534983958888541666e+00 2.234832651415447629e+02
1.729393684289582275e+12 1.542033224292485905e+00 2.235998865112225644e+02
1.713599435731600098e+12 1.549095412529007065e+00 2.232087572114178613e+02
1.709518424511282471e+12 1.556214713078901690e+00 2.233248730334090055e+02
1.705438373396234375e+12 1.563347241184922298e+00 2.234404969798737852e+02
1.448749957647654053e+12 1.570493072899248554e+00 2.118937155026087851e+02
1.444737993985144287e+12 1.578776780423462700e+00 2.120196471649660452e+02
1.440727193703029541e+12 1.587078277202677024e+00 2.121449495910360383e+02
1.436717560392292480e+12 1.595397680655362471e+00 2.122696224896080821e+02
1.432709097656476318e+12 1.603735108701219714e+00 2.123936655450985711e+02
1.428701809121006104e+12 1.612090679751129629e+00 2.125170784172918275e+02
1.424695698417813477e+12 1.620464512748511554e+00 2.126398607418396693e+02
1.420690769203908447e+12 1.628856727142310667e+00 2.127620121297997287e+02
1.416687025155255615e+12 1.637267442907565762e+00 2.128835321677873935e+02
1.412684469960669189e+12 1.645696780570607309e+00 2.130044204182881060e+02
1.408683107328033691e+12 1.654144861203690420e+00 2.131246764194084449e+02
1.404682940978207031e+12 1.662611806450136509e+00 2.132442996851708301e+02
1.400683974660454102e+12 1.671097738500709307e+00 2.133632897050351289e+02
1.396686212124837646e+12 1.679602780164091147e+00 2.134816459448095713e+02
1.392689657156080566e+12 1.688127054801505711e+00 2.135993678455181453e+02
1.388694313542908691e+12 1.696670686407889317e+00 2.137164548245378626e+02
1.384700185105734863e+12 1.705233799558162566e+00 2.138329062746027205e+02
1.380707275678301270e+12 1.713816519459334442e+00 2.139487215644477942e+02
1.376715589101629150e+12 1.722418971975645308e+00 2.140639000390372075e+02
1.372725129245526123e+12 1.731041283589556778e+00 2.141784410188142544e+02
1.368735899996388428e+12 1.739683581441093363e+00 2.142923438001478758e+02
1.364747905257267822e+12 1.748345993337196314e+00 2.144056076552748777e+02
1.360761148947937256e+12 1.757028647763735130e+00 2.145182318323351183e+02
1.356775635017169922e+12 1.765731673870075680e+00 2.146302155550295936e+02
1.352791367424470703e+12 1.774455201517640690e+00 2.147415580230408239e+02
1.348808350143210205e+12 1.783199361285871865e+00 2.148522584119772887e+02
1.344826587182029785e+12 1.791964284437695287e+00 2.149623158728059877e+02
1.340846082548324951e+12 1.800750103007631164e+00 2.150717295327156648e+02
1.315122587354452637e+12 1.809556949728478470e+00 2.140074724882805981e+02
1.311151611648550293e+12 1.818516013093892880e+00 2.141166129751331084e+02
1.307181929097894531e+12 1.827496984864308338e+00 2.142250907071837105e+02
1.303213543908248291e+12 1.836500005987865780e+00 2.143329046782603768e+02
1.299246460315239258e+12 1.845525218223515562e+00 2.144400538561865801e+02
1.295280682557197998e+12 1.854572764214269975e+00 2.145465371834215489e+02
1.291316214917572754e+12 1.863642787401848189e+00 2.146523535758080357e+02
1.287353061679646973e+12 1.872735432144920997e+00 2.147575019238056484e+02
1.283391227156841553e+12 1.881850843662582262e+00 2.148619810916006827e+02
1.279430715677685303e+12 1.890989168081841365e+00 2.149657899174366378e+02
1.275471531603985107e+12 1.900150552409686888e+00 2.150689272130931045e+02
1.271513679306775635e+12 1.909335144599870748e+00 2.151713917643672573e+02
1.267557163181473877e+12 1.918543093534172073e+00 2.152731823306926060e+02
7.380198083058707275e+11 1.927774549021556316e+00 1.800306488957431554e+02
7.343042238229445801e+11 1.942657742317219771e+00 1.801648443733700447e+02
7.305909021697210693e+11 1.957600852196688113e+00 1.802975359308628072e+02
7.268798531969354248e+11 1.972604495846427053e+00 1.804287190001896874e+02
7.231710868165054932e+11 1.987669296910970163e+00 1.805583888611377290e+02
7.194646130042651367e+11 2.002795885634275130e+00 1.806865406403104544e+02
7.157604418106796875e+11 2.017984898965707430e+00 1.808131693096585195e+02
7.120585833342075195e+11 2.033236980834125518e+00 1.809382696865862670e+02
7.083590477613278809e+11 2.048552782138150175e+00 1.810618364313398274e+02
6.100203316927048340e+11 2.063932961050740644e+00 1.726794679653567073e+02
6.063897967835396729e+11 2.081437389626834555e+00 1.728088250782558362e+02
6.027619091569902344e+11 2.099025924497406326e+00 1.729362685653054257e+02
5.991366812206060791e+11 2.116699556492995793e+00 1.730617900445160728e+02
5.778748015006427002e+11 2.134459289486954070e+00 1.714582785353889562e+02
5.742682155585860596e+11 2.152775997124336538e+00 1.715816814889108741e+02
5.706643901045229492e+11 2.171185512985060573e+00 1.717030485666974187e+02
5.670633383145902100e+11 2.189688967716584500e+00 1.718223696321360308e+02
5.634650734524290771e+11 2.208287508102727781e+00 1.719396342483346984e+02
5.598696088660419922e+11 2.226982297507277941e+00 1.720548316744978479e+02
5.562769579947524414e+11 2.245774516269279708e+00 1.721679508616283272e+02
5.526871343735533447e+11 2.264665362125205306e+00 1.722789804482371494e+02
5.491001516197373657e+11 2.283656050733837262e+00 1.723879087563640553e+02
5.455160234422460327e+11 2.302747816094155908e+00 1.724947237866894056e+02
5.256362430087952881e+11 2.321941911033660322e+00 1.708514801120650759e+02
5.220711911480464478e+11 2.341754134231378348e+00 1.709554392493941748e+02
5.185091004879077148e+11 2.361676894163020179e+00 1.710571493783327242e+02
5.149499855095269775e+11 2.381711612572348091e+00 1.711565961587124320e+02
5.113938608107836304e+11 2.401859734344408359e+00 1.712537648656564500e+02
5.078407410626329346e+11 2.422122728377953393e+00 1.713486403840935566e+02
5.042906410400278320e+11 2.442502088055847675e+00 1.714412072009060921e+02
5.007435756154254761e+11 2.462999331949351056e+00 1.715314493979741144e+02
4.971995597423857422e+11 2.483616004595806892e+00 1.716193506450129291e+02
4.936586084786743164e+11 2.504353677071525563e+00 1.717048941911794486e+02
4.901207369672345581e+11 2.525213947824798577e+00 1.717880628573171293e+02
4.865859604491829834e+11 2.546198443351233021e+00 1.718688390272386357e+02
4.830542942618741455e+11 2.567308818979104235e+00 1.719472046390669391e+02
4.795257538270732422e+11 2.588546759726546576e+00 1.720231411761469076e+02
4.760003546513559570e+11 2.609913981131269267e+00 1.720966296577497872e+02
4.724781123557204590e+11 2.631412229906307854e+00 1.721676506283425283e+02
4.689590426389539185e+11 2.653043285046294830e+00 1.722361841483889577e+02
4.654431612947743530e+11 2.674808958616668342e+00 1.723022097831361350e+02
4.619304842019416504e+11 2.696711096747141490e+00 1.723657065917804800e+02
4.584210273361708374e+11 2.718751580522227318e+00 1.724266531158243936e+02
4.549148067624002075e+11 2.740932327015626502e+00 1.724850273671479215e+02
4.514118386221268921e+11 2.763255290406229303e+00 1.725408068160013499e+02
4.479121391593643799e+11 2.785722462870828142e+00 1.725939683776061884e+02
4.444157246931129150e+11 2.808335875854281571e+00 1.726444883991656525e+02
4.409226116428934937e+11 2.831097601046223211e+00 1.726923426457097435e+02
4.374328164961359863e+11 2.854009751760448577e+00 1.727375062859768775e+02
4.339463558356913452e+11 2.877074483980960107e+00 1.727799538772159735e+02
4.304632463189364014e+11 2.900293997748782715e+00 1.728196593496780054e+02
4.085457398666497803e+11 2.923670538469170133e+00 1.703318326741868134e+02
3.869573741394193115e+11 2.948113871049559798e+00 1.677855844317419951e+02
3.835214408088898926e+11 2.973716333209209139e+00 1.678169058689752831e+02
3.800891093070057373e+11 2.999510631887451151e+00 1.678449701543253241e+02
3.766603972519544067e+11 3.025499874045353366e+00 1.678697405516261938e+02
3.732353222810431519e+11 3.051687240060046769e+00 1.678911793242921249e+02
3.698139020524614258e+11 3.078075986166369127e+00 1.679092477043664928e+02
3.663961542440972900e+11 3.104669447042216479e+00 1.679239058606602271e+02
3.629820965470844727e+11 3.131471038511563609e+00 1.679351128648693248e+02
3.595717466633526611e+11 3.158484260356839712e+00 1.679428266567072399e+02
3.561651222793837891e+11 3.185712699420974126e+00 1.679470040070812331e+02
3.527622410763266602e+11 3.213160032562031088e+00 1.679476004797175790e+02
3.493631207092847290e+11 3.240830029984772764e+00 1.679445703910520535e+02
3.459677788180764771e+11 3.268726558449909891e+00 1.679378667680653905e+02
3.425762329888331299e+11 3.296853585042903489e+00 1.679274413042880099e+02
3.391885007653078003e+11 3.325215180693439354e+00 1.679132443137217194e+02
3.358045996339019165e+11 3.353815524069126752e+00 1.678952246824464680e+02
3.324245470008818970e+11 3.382658905713977759e+00 1.678733298178201210e+02
3.290483601913653564e+11 3.411749732201059704e+00 1.678475055955279913e+02
3.256760564334183350e+11 3.441092530587889442e+00 1.678176963036122515e+02
3.223076528364180908e+11 3.470691953147935216e+00 1.677838445839611552e+02
3.189431663817410889e+11 3.500552782202027480e+00 1.677458913706880992e+02
3.155826139119841919e+11 3.530679935219407817e+00 1.677037758259008058e+02
3.122260120961152344e+11 3.561078470346243474e+00 1.676574352711949700e+02
3.088733774156722412e+11 3.591753592034966136e+00 1.676068051162446295e+02
3.055247261626467285e+11 3.622710656846590105e+00 1.675518187839862776e+02
3.021800743972998047e+11 3.653955179903535910e+00 1.674924076310248040e+02
2.988394379176325684e+11 3.685492841565166433e+00 1.674285008639909904e+02
2.788005313736652222e+11 3.717329494145581670e+00 1.641455259012758745e+02
2.754885174878842163e+11 3.751114545676901724e+00 1.640684579501197788e+02
2.721806331481396484e+11 3.785244765845297898e+00 1.639862325015286899e+02
2.688768904927561646e+11 3.819727698032142182e+00 1.638987562493065298e+02
2.655773010407998657e+11 3.854571141012482549e+00 1.638059326181457322e+02
2.622818756668141479e+11 3.889783160823450991e+00 1.637076616110451539e+02
2.589906245117377930e+11 3.925372104044061228e+00 1.636038396460878630e+02
2.557035569411482544e+11 3.961346611317183353e+00 1.634943593840528706e+02
2.524206814738702698e+11 3.997715631984784412e+00 1.633791095439883065e+02
2.491420057067532349e+11 4.034488439692776929e+00 1.632579747075501473e+02
2.458675362544786377e+11 4.071674648741061553e+00 1.631308351106669363e+02
2.425972786562033081e+11 4.109284231821241917e+00 1.629975664202653718e+02
2.393312372766887512e+11 4.147327538950014159e+00 1.628580394961236664e+02
2.360694152204690552e+11 4.185815317446418327e+00 1.627121201371132031e+02
2.328118142344904480e+11 4.224758733306349434e+00 1.625596688092650766e+02
2.295584345685800476e+11 4.264169394508380506e+00 1.624005403533314222e+02
2.263092748825751038e+11 4.304059375285801181e+00 1.622345836739019092e+02
2.230643320858182983e+11 4.344441242838416706e+00 1.620616414024732137e+02
2.198236012102519531e+11 4.385328085474790250e+00 1.618815495382636129e+02
2.165870752370325928e+11 4.426733543270712445e+00 1.616941370596780700e+02
2.133547449325654907e+11 4.468671840762675984e+00 1.614992255072422438e+02
2.101265986604685059e+11 4.511157822262639172e+00 1.612966285330672633e+02
2.069026221635771484e+11 4.554206990157639190e+00 1.610861514139832025e+02
2.036827983454965820e+11 4.597835546003612883e+00 1.608675905259204342e+02
2.004671070261817932e+11 4.642060435040475497e+00 1.606407327745261000e+02
1.972555246731914368e+11 4.686899394419250520e+00 1.604053549777242438e+02
1.940480240891075439e+11 4.732371005776948358e+00 1.601612231939936919e+02
1.908445740934918213e+11 4.778494751996920087e+00 1.599080919933465168e+02
1.876451391704978943e+11 4.825291078987882898e+00 1.596457036630367554e+02
1.844496790614387512e+11 4.872781463290920101e+00 1.593737873393206996e+02
1.812581483244698792e+11 4.920988485760296349e+00 1.590920580589514657e+02
1.780704958577954712e+11 4.969935911998648592e+00 1.588002157214251042e+02
1.748866643533568726e+11 5.019648780746074124e+00 1.584979439486112369e+02
1.021594425408883667e+11 5.070153500645179889e+00 1.330440833890841361e+02
9.901276799659954834e+10 5.152344055501490772e+00 1.325443912856135000e+02
9.586180608826185608e+10 5.237013007997627589e+00 1.320146913890694407e+02
9.270544210048152161e+10 5.324342566431016444e+00 1.314528220980379842e+02
8.954238685373120117e+10 5.414538004685214290e+00 1.308563385401633923e+02
8.637114084487731934e+10 5.507831991282344575e+00 1.302224577328824182e+02
8.318994859388925171e+10 5.604490030769775366e+00 1.295479892585177026e+02
7.999673997206094360e+10 5.704817383928986629e+00 1.288292465264480882e+02
7.678905358747941589e+10 5.809167996149276370e+00 1.280619315150907767e+02
4.277732126912429047e+10 5.917956196549210901e+00 1.062045749370566341e+02
4.014463935772792816e+10 6.063623256096591696e+00 1.050613796714585817e+02
3.763036359045630646e+10 6.209940013839276851e+00 1.038733692045314569e+02
3.522905537462932587e+10 6.356920074213358696e+00 1.026394529919012086e+02
3.293536541543566132e+10 6.504578012880993576e+00 1.013581082851358133e+02
3.074399951524597931e+10 6.652929575922872374e+00 1.000272773968984552e+02
2.864967353049308014e+10 6.801991926233231567e+00 9.864422551104453873e+01
2.664705172794149780e+10 6.951783955524050818e+00 9.720533941695157409e+01
2.473065893007602692e+10 7.102326688781878339e+00 9.570583476352089747e+01
2.289474969756347275e+10 7.253643823090717646e+00 9.413931597243011140e+01
2.113310379654203415e+10 7.405762467521504355e+00 9.249708741730781014e+01
1.943868783647702408e+10 7.558714196907605043e+00 9.076701992691504017e+01
