# M_sub, z_sub
6.010155098799408879e+05 5.686665663946642086e-07
1.129498942825380655e+05 8.529997907583480758e-07
9.097466607222082093e+05 3.127664318470782695e-06
1.133525101149039576e+06 3.696330082421403277e-06
1.378156848919480981e+05 9.098647766292767051e-06
1.840049199590192584e+05 2.558984604356344931e-05
1.418653286277155858e+05 2.985478971134203409e-05
3.238718607129786978e+05 3.099210654486975305e-05
3.759220078322941903e+06 3.212942277975296227e-05
1.244993573136991909e+05 3.298240974480361502e-05
3.943490260126694920e+05 3.355106759342868863e-05
1.391889115620968805e+05 3.923763767843940753e-05
1.413127389756496705e+05 4.065927776577499215e-05
6.150386979627048597e+06 4.293389989781288716e-05
5.702729138718734495e+06 5.629726157863098858e-05
1.392450296236012655e+05 6.283675075448165958e-05
1.993868341361022030e+05 6.795459755768284006e-05
2.716179090309038293e+05 6.937621943694305740e-05
2.290640271087371744e+06 6.994486792331303278e-05
3.398638153390251100e+05 7.051351631906880581e-05
1.482383816192155355e+05 7.420972755933015908e-05
1.434515866158624995e+05 7.989619353946321900e-05
1.070177093292882346e+05 8.501399958062932189e-05
2.337122920979721006e+06 8.899450664802929822e-05
5.231481924944579368e+05 9.240636440029462997e-05
1.152446479332056479e+05 9.325932799851038748e-05
2.576504216890928801e+05 9.723982022730978713e-05
2.141624680475239293e+05 9.866142276049872360e-05
1.600492803105600469e+05 1.032105443856656926e-04
1.403081424033613002e+05 1.034948641543968799e-04
1.381130895994274411e+06 1.054851014887878976e-04
8.206893983782983385e+06 1.060537404111314223e-04
5.930150532913346542e+05 1.074753379689853818e-04
1.519395175929814286e+05 1.137303568376975304e-04
3.899301551355675329e+05 1.157205861641669110e-04
1.642284527497354720e+05 1.231128499722564064e-04
7.591828411878597690e+05 1.253873873850005669e-04
3.481663470020550885e+05 1.259560213669436808e-04
5.446807851180398138e+05 1.293678221832765627e-04
2.833515118886496057e+05 1.296521386639801579e-04
1.415388390065543645e+05 1.313580368463058306e-04
1.954885991373929661e+06 1.319266692663179671e-04
3.480337090347934864e+05 1.364757237703353825e-04
4.437493474706649431e+05 1.430149723140082074e-04
1.595302375828787335e+05 1.467110602897048947e-04
1.061619063039086614e+05 1.484169448399702703e-04
1.769248102340666228e+05 1.506914554039585463e-04
1.809627657257715473e+06 1.529659634947799687e-04
3.095976716013634112e+06 1.535345901735515872e-04
1.359387517626896268e+06 1.552404698099268672e-04
4.773610755152638885e+05 1.620639753774748564e-04
7.150084968680175953e+05 1.646227842584305602e-04
4.283026241281279363e+05 1.651914080444122487e-04
6.215206604294799268e+06 1.674659017724890891e-04
1.728552778390253661e+05 1.680345249761208812e-04
9.286898241235620808e+05 1.697403941510156565e-04
1.403223356718580471e+06 1.708776395589981791e-04
4.336089391731108190e+05 1.748579941056099200e-04
1.697652134796923201e+05 1.757109262538570987e-04
1.624209638953391986e+05 1.794069615894427116e-04
1.280488151849737187e+05 1.808285118969785111e-04
3.546203727854217868e+05 1.848088476022275101e-04
1.188399089541172580e+05 1.958968855062716979e-04
1.273064913581966393e+05 1.967498090376582065e-04
9.259610157158756629e+05 2.012987286495602135e-04
4.176172750758008333e+05 2.044261053070305220e-04
1.472743661222571100e+05 2.052790254190782981e-04
2.139279075373444939e+05 2.064162517125602025e-04
3.772994410722273751e+05 2.115337623883310639e-04
1.464954405939093849e+05 2.129552909197549168e-04
2.264343318169776758e+05 2.149454292549764765e-04
1.010522162768183189e+05 2.157983451101461452e-04
4.722347631795180496e+05 2.169355657176186877e-04
5.684496983720967546e+05 2.192100051430962999e-04
2.208568791270197544e+05 2.251803970338538824e-04
9.806816698045070516e+05 2.302978621590537789e-04
2.002687335714370420e+05 2.345624070959470217e-04
1.393673411764999619e+05 2.356996176131228020e-04
1.264133581502119196e+05 2.359839201457999069e-04
1.878476580686760368e+06 2.365525251041127063e-04
7.482933107508205576e+05 2.376897347029813083e-04
2.126621433876106457e+05 2.379740370169276180e-04
1.362046967288231826e+05 2.416699638516309884e-04
1.634194368000538088e+06 2.439443771035565867e-04
1.297319291308696411e+05 2.510519033859705956e-04
3.784930750161863863e+06 2.513362039298504985e-04
4.967250979708010564e+05 2.541792081288492180e-04
2.429622354261410946e+05 2.604338040670342190e-04
1.055841629720764031e+05 2.612867020589294972e-04
2.259954735962752020e+05 2.649825893447523397e-04
1.008003010979180253e+05 2.664040827169390172e-04
1.248967744661904871e+06 2.689627683513049210e-04
6.836069041546264663e+06 2.700999610465155249e-04
2.916874103174459306e+05 2.703842591305007808e-04
1.247114546759486693e+05 2.720900479100816691e-04
1.381998258346032235e+05 2.746487284734672077e-04
1.884045684332696255e+05 2.760702163209979030e-04
1.846542595031697711e+05 2.766388111922179474e-04
1.256044022542252060e+05 2.786288920536927438e-04
1.053734866030179692e+05 2.800503772250950772e-04
4.158143616588291479e+05 2.811875646681882552e-04
6.951650939606905449e+05 2.828933447160279563e-04
2.873544992030210560e+05 2.888635641804936528e-04
4.633332173983344692e+05 2.894321556190580075e-04
1.250004530471607140e+05 2.911379290773123316e-04
1.204215795835421595e+05 2.928437011541972445e-04
1.871019717572263209e+06 2.959709463381563301e-04
1.090976508061832137e+05 2.979610092809250026e-04
2.534302604832787067e+06 2.990981872801441125e-04
3.028777848477321095e+05 3.005196591638839717e-04
1.322064739900621935e+05 3.093327636388404746e-04
8.575644010754149640e+05 3.113228143035912977e-04
1.007432639201290731e+05 3.133128631865792868e-04
4.895587378338448703e+06 3.141657407068142280e-04
1.755231163074951910e+05 3.147343256528379739e-04
5.627906242983127013e+05 3.175772487077861217e-04
8.225167888646362117e+05 3.226945005974819758e-04
2.210394520034382294e+05 3.249688308549417278e-04
1.530777576021851040e+06 3.269588678280626356e-04
1.530268607067464618e+05 3.317918074245235173e-04
1.819889034768025158e+05 3.329289680596951985e-04
3.843571871856139041e+06 3.352032874921071154e-04
2.647528459236874478e+05 3.354875772456070897e-04
2.426973491441199731e+05 3.394676311647970568e-04
3.074522585031390190e+05 3.400362096771274351e-04
1.082079302119637287e+05 3.411733662684677659e-04
1.523384083982338198e+05 3.425948111480980104e-04
6.092514481491510523e+05 3.474277164923190672e-04
1.085780206162289396e+05 3.531134733081887087e-04
1.716846995069127297e+06 3.565249199236728722e-04
3.810420024029362481e+06 3.610735073139415105e-04
2.417430677910109807e+05 3.644849423987182413e-04
1.745744779568157857e+06 3.647692284096233314e-04
1.153987629853677063e+05 3.667592297046883519e-04
3.493785174283883534e+05 3.673278011669384299e-04
4.078708768630953273e+05 3.678963724846541668e-04
4.064510440357559710e+05 3.690335147002404923e-04
8.588941019100679550e+05 3.715920825037203430e-04
3.588692830399255618e+05 3.724449377817623335e-04
1.437545965897411807e+05 3.735820776620357264e-04
1.206531715520320140e+05 3.815420394581735047e-04
1.500511553749479936e+05 3.821106069873474414e-04
1.222921598912150948e+05 3.841005921410785328e-04
1.981573425049669167e+05 3.889334053062560572e-04
1.796020902821136988e+05 3.900705361883860197e-04
1.128592560106960445e+05 3.931976429467810711e-04
2.363248805620725267e+06 3.960404631946629734e-04
8.286088341364079388e+05 3.963247450045503831e-04
1.419079388407979012e+08 4.017260935046717066e-04
2.907633963251560926e+05 4.022946593537730584e-04
5.099585972718242556e+05 4.042846514777885796e-04
1.226480749496398494e+05 4.065589259443029547e-04
2.796150457662032568e+05 4.076960622546602834e-04
4.595912761739891022e+06 4.085489140934309453e-04
1.294414335700332886e+05 4.096860496968123466e-04
1.142365383243891702e+05 4.150874358889150963e-04
1.865133227352886752e+05 4.184988304520651371e-04
1.776404044691277202e+06 4.236159118201813329e-04
9.346739608617310878e+05 4.239001937470306841e-04
4.042409016705458052e+05 4.241844756806855722e-04
4.863742957774504088e+06 4.250373213402938006e-04
1.922079625564500748e+05 4.298701088317721558e-04
1.521370702414582192e+05 4.318600769473095288e-04
1.431965822961208760e+05 4.381142500726142278e-04
1.313529014732502692e+05 4.455055212722486844e-04
1.941786615969043924e+05 4.457898004058464029e-04
2.047022789989266079e+06 4.463583585675129188e-04
1.240003623019387160e+05 4.509068190620457218e-04
9.512986245759397279e+05 4.514753759296214267e-04
2.700507727370606153e+05 4.517596543063420538e-04
3.316271472606870229e+05 4.568766589601317893e-04
3.513263422206433606e+05 4.591508792459797006e-04
1.032708010053094913e+05 4.602879884817444073e-04
6.120030238865030697e+05 4.605722656951813181e-04
1.258661620594359265e+05 4.668263548864074169e-04
2.554343674566984118e+05 4.671106312187552892e-04
1.660013745019758353e+05 4.725118742832977252e-04
2.466830061957843718e+05 4.727961498433307683e-04
1.833975045248809911e+05 4.733647008609990006e-04
2.804044569995129132e+05 4.816086732630529073e-04
5.761921374310540408e+07 4.824614961321198716e-04
5.222037371351580368e+05 4.827457703459974141e-04
4.528940232325961813e+06 4.841671483305426469e-04
2.811748399497614009e+05 4.855885258192391835e-04
1.629554390533594415e+05 4.858728012230817362e-04
3.059212096033690032e+05 4.864413519321770314e-04
1.523519627859595639e+05 4.904212026483120842e-04
3.987134015173233929e+05 4.978123337566857376e-04
1.870780626818582648e+06 5.023607091491700313e-04
8.638945675145915011e+05 5.043506205303262139e-04
2.412144754575930128e+05 5.083304379316220438e-04
1.118530580883271614e+05 5.094675272351289206e-04
1.683518784182232339e+05 5.120259759178722760e-04
3.798775395517128054e+05 5.143001498989391599e-04
4.070316670718792011e+05 5.157215074084000369e-04
4.576270266753226751e+05 5.165743214718165107e-04
3.736063389001227333e+05 5.214069280999622004e-04
1.231183282728769263e+05 5.219754693243991569e-04
3.606786870533013716e+05 5.225440104052619418e-04
1.358189066008393711e+05 5.242496327657295311e-04
3.287894200478676357e+05 5.245339030238646560e-04
5.834819562930550426e+06 5.253867135912105094e-04
5.447005838931459002e+05 5.256709837049455174e-04
1.050615776841675106e+05 5.293664937557728944e-04
6.104347868757767137e+05 5.307878420322578424e-04
2.647810419898072723e+05 5.313563810860645869e-04
3.929120987436619587e+06 5.330619973907506489e-04
1.912080329191213846e+07 5.347676128026896802e-04
1.457619137477792101e+05 5.376103066464399003e-04
1.502098693986635190e+05 5.418743408760813996e-04
2.055732905782724498e+06 5.430114151977592394e-04
5.814601495692126919e+05 5.538135920611941300e-04
1.576756027169515146e+05 5.540978591125165099e-04
2.568169222277894442e+05 5.572247943032274022e-04
7.852774742113434477e+05 5.589303933581602976e-04
1.862027222313064558e+05 5.637629167155601114e-04
3.090372366062875837e+06 5.771233639590073791e-04
2.006158994018813537e+05 5.799660018893069719e-04
6.642987216507761041e+05 5.802502654753726244e-04
3.637137601597582689e+05 5.833771625712802717e-04
1.194253609843644663e+05 5.867883177681950920e-04
1.379874101283497002e+05 5.879253682622432838e-04
1.894690536242995295e+05 5.893466805185949581e-04
1.458491973932081019e+05 5.913365160704749058e-04
4.562923331985379336e+05 5.924735641115717356e-04
2.284714345760129800e+05 5.930420879113256849e-04
2.416133162304584403e+05 5.944633967799293778e-04
1.751688447238575609e+05 5.953161816481537978e-04
3.929562737628017785e+05 6.010014052421860410e-04
1.860037410173460958e+05 6.029912298696456577e-04
1.133189012771577691e+05 6.055495730571310844e-04
1.727153087996248156e+06 6.106662499956489083e-04
1.833364268686956493e+05 6.135088432275984452e-04
2.506710601427679358e+05 6.160671738734252965e-04
5.818018360863223206e+05 6.163514326392284873e-04
1.016130785025440564e+05 6.234578896078514726e-04
1.436811139339056390e+05 6.288587806300272422e-04
4.050934070463954704e+05 6.302800654123478369e-04
1.130028175609792088e+05 6.388077539196794236e-04
1.026707544302256283e+05 6.396605208433200906e-04
7.919569003826447297e+05 6.410817982835020695e-04
5.129846672255276935e+05 6.416503090076085747e-04
1.379008011565481429e+05 6.430715852384435863e-04
1.416924015779828769e+05 6.439243505231551350e-04
1.013398695696780051e+05 6.467668989777365521e-04
1.825352559067841503e+05 6.473354082031746804e-04
1.450599421730078175e+05 6.496094435857699976e-04
2.494213315154530108e+06 6.521677304378793900e-04
1.052860445442108612e+05 6.555787753659302920e-04
7.098600069559718249e+05 6.584213085869567317e-04
1.496320001091590675e+05 6.589898147812844496e-04
1.631990111196870217e+06 6.606953325010810193e-04
1.159005168722874223e+05 6.626851016543876954e-04
1.780852453784528479e+05 6.652433735456962606e-04
5.573881523447796935e+05 6.695071530693265946e-04
9.540191780228256248e+05 6.726339192814534320e-04
1.188621930118139571e+05 6.834354398835777288e-04
3.518006768095156876e+05 6.879834317409743273e-04
1.334655499888333434e+05 6.891204281710417963e-04
1.313623623688823776e+06 6.899731750972124206e-04
3.648965911356032011e+05 6.919629167697193429e-04
1.116445386619769037e+06 6.939526566189836449e-04
1.771881742494015489e+05 6.976478830542263369e-04
2.941463592226406909e+05 7.004903604994741411e-04
1.220602761733260995e+05 7.030485869259917031e-04
8.167078506204532459e+05 7.047540694737291058e-04
2.567013404843524331e+05 7.053225633660478028e-04
4.894896977711665444e+06 7.056068102641903849e-04
7.804778991973150987e+05 7.093020179908759125e-04
2.191410750593052944e+05 7.121444812607952710e-04
2.340266316761586058e+05 7.124287273750081828e-04
8.830451433675299631e+05 7.127129734558407866e-04
1.037284668931452907e+05 7.138499574812943527e-04
1.099209278807941446e+05 7.158396780784462721e-04
3.383303325889914995e+05 7.164081693297637277e-04
3.412063719907168415e+05 7.166924148982697137e-04
3.004149455698582809e+06 7.183978875858539493e-04
1.925320407155771740e+06 7.246512770760185802e-04
3.001033204873930081e+05 7.320416234430927307e-04
3.671609107995018130e+05 7.374422446561108456e-04
1.250786171680569096e+05 7.377264874878091978e-04
1.380627546711245959e+05 7.414216409087062351e-04
1.128133549142200965e+06 7.513700982206244616e-04
4.814536851370311342e+05 7.519385800803458008e-04
5.103014698977201479e+05 7.547809872943015775e-04
5.059901598410442821e+05 7.567706701089291004e-04
1.224832881155503856e+05 7.579076309051728782e-04
6.420266373788331402e+05 7.681402501908665605e-04
1.874356095991500770e+05 7.698456819030209328e-04
1.457462726656071900e+05 7.709826356226244385e-04
1.435579561695885786e+05 7.743934930898100418e-04
1.436311760845384561e+06 7.763831573741761466e-04
8.286805309543642215e+05 7.766673949734715547e-04
3.659223782363239443e+05 7.783728200793791274e-04
2.139300903499448206e+06 7.789412948189737129e-04
5.253881590558798052e+05 7.803624812297136780e-04
1.141713280148595368e+05 7.834890881556693483e-04
5.138134989784353413e+06 7.837733249159731198e-04
6.605100080925785005e+05 7.843417984581881617e-04
1.710113763143053278e+06 7.849102719941850872e-04
2.257897618244808982e+05 7.854787454353232131e-04
1.114412324035807396e+05 7.860472187703726986e-04
2.426615302879832743e+05 7.871841649923522633e-04
2.744971640335228876e+05 7.914477078610582077e-04
4.137812117495582788e+05 7.923004153963721530e-04
1.147619560167963617e+06 7.948585360013759454e-04
1.022866564253413526e+05 7.951427714301780763e-04
1.367656806261662627e+06 7.959954775766823814e-04
1.390965218839654990e+05 7.968481834452439787e-04
1.117171525862911658e+05 7.977008890050801999e-04
1.938764319393688114e+06 7.999747688104349736e-04
4.378987808348223334e+05 8.045225216848096153e-04
1.906013057075606193e+05 8.062279265120305804e-04
1.605100871418324532e+05 8.065121605152009631e-04
1.095228603420680593e+05 8.070806284184362705e-04
2.290287661738893948e+05 8.099229656391190423e-04
1.806726705375463353e+05 8.178814892617657702e-04
9.582243260386941256e+05 8.184499540690911559e-04
2.751326665555132087e+06 8.210080439894048079e-04
1.827202430184366414e+06 8.215765080634842643e-04
1.871500790139842720e+05 8.221449720998309915e-04
7.946997307380910031e+06 8.232818998132073775e-04
2.613518193787052005e+05 8.235661316451937377e-04
1.630558810052538756e+05 8.264084499338933583e-04
1.550989467913320696e+05 8.295349955937007325e-04
3.354234119916540803e+05 8.298192267835683561e-04
6.206306968293078244e+05 8.301034579384266579e-04
1.053772778742443305e+06 8.363565339998221305e-04
8.194717352759094909e+06 8.394830652283307923e-04
1.388152424130787258e+05 8.414726748401250888e-04
2.954371983100025682e+05 8.477257219137022308e-04
1.014519384204963280e+05 8.556841183590775321e-04
2.758353249322325457e+06 8.579579403168161771e-04
3.341358216796633787e+06 8.582421678862808866e-04
1.134105859507738060e+05 8.664847549151113732e-04
2.829986263646669686e+05 8.667689814717646117e-04
1.457629713540237863e+05 8.684743400466344524e-04
1.419196729130452732e+05 8.707481493311499494e-04
4.439258640138809569e+05 8.849594009935634904e-04
1.171390579116629815e+05 8.914965442625026647e-04
1.582082094537189696e+05 9.008758878045810279e-04
2.628199210592180025e+05 9.028654400897494561e-04
1.280354789412504906e+05 9.051392118418485422e-04
3.501128852564646862e+06 9.054234331361875419e-04
1.065832261452517560e+05 9.071287605554497748e-04
1.450878957986176538e+05 9.085498657519902035e-04
1.940028459473482508e+05 9.096867492205795019e-04
1.339810899993307830e+05 9.150869372820699503e-04
3.329386518524784478e+05 9.170764767253917604e-04
1.009964775730686233e+05 9.202028920808569485e-04
2.305589459263026656e+05 9.233293027517959321e-04
1.076728969923158642e+06 9.315716357100998655e-04
2.341221344352144806e+05 9.324242890280215164e-04
1.796457954256876255e+05 9.327085067319318889e-04
4.962491476038581459e+05 9.366875506370187952e-04
2.821529008899762994e+05 9.400981537598924022e-04
1.234228128299914388e+05 9.418034532583578842e-04
2.215695165437900287e+05 9.426561024911362871e-04
1.815729560838879552e+06 9.432245351258856545e-04
3.439665386728267185e+05 9.446456162323738645e-04
9.928417815372908954e+05 9.466351282626533524e-04
1.007612496662663034e+05 9.491930697107057177e-04
1.028114125018173654e+05 9.497615007229485940e-04
1.949688574164681195e+05 9.517510080625411154e-04
2.963034485691144364e+05 9.534562985746007939e-04
1.108208428478071932e+06 9.597090186214711147e-04
1.557966311512233806e+05 9.599932327209745667e-04
2.012924103079740889e+05 9.602774468101465477e-04
1.624472462051865004e+05 9.614143028086121227e-04
1.699403742905873572e+06 9.628353719526879352e-04
8.608175297478027642e+05 9.705091296512992870e-04
6.417111415935378755e+05 9.722144054008325861e-04
1.823615447720727185e+06 9.739196798519686232e-04
1.138561952916843729e+05 9.753407410247607549e-04
9.932611629995262483e+05 9.796039188774612137e-04
5.786134950355356559e+05 9.852881428605668717e-04
6.063048140077708522e+05 9.906881414936665950e-04
1.040132918538863014e+05 9.935302405334736284e-04
1.274599369356880488e+05 9.989302180471132213e-04
1.841393543248680944e+05 9.994986359176676223e-04
1.546077009257713216e+05 1.001203888627464787e-03
1.486606018297081173e+05 1.002056514466465389e-03
5.262190702095238958e+05 1.002340723002847697e-03
8.654299560814665630e+06 1.004045973493500506e-03
8.645348407312006457e+05 1.005751223713041622e-03
2.020669364758124284e+05 1.007172264766479112e-03
1.461960193102288467e+05 1.016551111593094227e-03
3.661959114262192161e+05 1.017403731935014391e-03
1.106150073343511322e+05 1.019393178100839147e-03
4.022652390231961035e+05 1.029624585505163918e-03
3.776596921307750745e+05 1.031329815214024857e-03
1.016998339879153995e+06 1.034171861715914515e-03
2.284437580395643890e+05 1.035024474961950035e-03
1.739989112960425846e+05 1.039855943640830092e-03
5.576732584579500835e+05 1.040424350985391438e-03
6.048964423105637543e+05 1.048097835314833149e-03
1.450915860178049654e+06 1.050655657241118682e-03
1.414515010776454001e+05 1.054350283812290848e-03
3.041922554745392990e+05 1.059181708729481537e-03
1.856128734734582831e+05 1.059750110928764149e-03
2.355576221027188003e+05 1.062307918970530280e-03
2.189017953411474009e+05 1.069128725136912240e-03
4.620421825378918438e+05 1.080496685768768178e-03
4.080061480136180180e+05 1.090443600592892444e-03
2.087520196283685218e+05 1.092432977896018237e-03
1.658283918053295056e+05 1.092717174499282422e-03
1.843041101608305471e+05 1.093569764100025621e-03
1.232907217575516406e+05 1.098685294447811255e-03
3.493147657311618677e+05 1.102095641038608681e-03
1.240692710983206198e+05 1.108063734259713638e-03
1.033516082734568336e+05 1.110621483267631646e-03
6.388075289009448607e+05 1.111189871510898444e-03
1.394086771488243248e+06 1.116589552373117161e-03
1.097480107828798646e+05 1.119431484353586043e-03
1.386133139801378420e+05 1.121705027181937875e-03
1.039967758551750449e+05 1.127388873421092397e-03
1.179126230043331347e+07 1.131083365155869259e-03
1.587575349681988882e+05 1.132788514492417660e-03
5.078085377146048471e+06 1.133925280153279518e-03
2.421908071156500373e+06 1.139609101624186258e-03
6.919032679289183579e+05 1.142166816763084698e-03
1.737811767542720539e+06 1.149271565087868529e-03
7.702959162226774497e+05 1.152966025145214530e-03
1.548654664302812016e+05 1.155807913231939087e-03
2.205104200985619391e+05 1.158081420941217254e-03
1.239397445232231985e+05 1.162912616647342233e-03
1.499729175760361366e+06 1.163765179434568748e-03
3.830534504283346469e+05 1.168312175645782333e-03
8.203321266100025736e+06 1.170869856734525283e-03
1.027302184510128282e+05 1.171722416823928279e-03
4.256059927603485994e+05 1.172006603513188168e-03
2.056109952168755699e+05 1.172290790166173038e-03
4.411258616060385481e+06 1.174848468432233362e-03
9.423348485964213032e+05 1.179395445948121061e-03
1.115871331239368446e+05 1.179679631719007067e-03
2.518978495087953925e+05 1.185363339501335506e-03
1.022196124687454430e+05 1.190194478976829224e-03
1.184198740685070952e+05 1.190762847590486236e-03
2.115767020223136642e+05 1.192467952520146965e-03
6.121963476376084145e+05 1.193888872248548500e-03
1.970259817728959257e+06 1.194741423653289782e-03
1.208875089284308924e+05 1.195593974825302080e-03
1.451728672168737103e+05 1.195878158488398015e-03
5.714834825405947631e+05 1.196730709260964863e-03
4.466864347672669683e+05 1.197867443128641882e-03
1.406289667405142449e+06 1.198435809847790690e-03
3.905156395317710470e+06 1.202982738632129211e-03
1.685808559987173649e+06 1.204972017462660125e-03
1.332835231851361750e+05 1.206108747554826858e-03
4.769726473716101609e+05 1.207245477077980656e-03
1.118894612887442345e+05 1.229695758553397012e-03
1.309159364528865262e+05 1.233390085426660111e-03
1.019353735379259015e+05 1.233958442827063923e-03
1.326179620855191897e+05 1.237084405791089806e-03
1.134273473548893380e+05 1.241347075021234300e-03
1.624230255050045089e+05 1.242199607822814904e-03
7.072116978930489859e+05 1.244188849696197755e-03
4.359744359076545807e+05 1.246178089776197239e-03
1.784422814990502957e+05 1.254987559052331064e-03
1.433563733943853062e+06 1.258113490822302229e-03
1.289670235413518240e+05 1.259534367493071868e-03
5.234150875405542902e+05 1.260102717907083747e-03
1.018278118251786946e+05 1.262376118114402540e-03
2.800307488046768121e+05 1.272606388376259449e-03
1.447001832824032055e+06 1.274311428552856373e-03
1.162529262515467271e+05 1.276016467522706139e-03
9.457842619484650204e+05 1.276584813550126667e-03
3.253937880041262251e+05 1.281699921234675642e-03
7.648719904799188953e+05 1.283120782283196345e-03
5.356667392408871092e+06 1.285962501656408991e-03
3.166646972449554014e+05 1.286530845206512340e-03
1.602460509033592825e+05 1.288520046939806239e-03
3.505489195692279609e+05 1.289372561396470978e-03
4.963784783894321881e+05 1.292214273817973366e-03
1.432251243287576362e+05 1.299318538178162235e-03
1.212213984384661599e+05 1.299602708247232525e-03
1.668250768632697873e+06 1.300171048279169213e-03
1.517425801953494083e+05 1.302444407164911420e-03
5.583127596154001076e+05 1.303296916129064115e-03
1.878344865414971428e+05 1.305001933086816224e-03
1.331847335597957135e+05 1.305570271771116717e-03
2.952973077788970433e+06 1.308696131813903794e-03
1.230152462951761845e+05 1.312106156425545209e-03
6.717653375331610441e+05 1.313811166684410430e-03
2.635308097684186068e+05 1.315232007568940212e-03
1.982189492705379380e+05 1.318926189443548952e-03
1.418201757843708911e+05 1.322904531875244115e-03
3.566130705896699801e+05 1.324325366626463241e-03
2.747185432180833886e+05 1.326598700275785940e-03
1.669953377072272997e+05 1.327167033308501330e-03
1.569797237009010860e+05 1.330577028326806500e-03
3.966065787705780240e+05 1.333418686602775346e-03
5.158705559886047267e+05 1.335407845145541051e-03
4.119349031957349507e+05 1.335976175823914243e-03
1.798151871098834963e+05 1.337397001914974624e-03
1.901888081571278744e+05 1.344501117947056968e-03
1.888866094847725180e+05 1.348479412371729946e-03
4.655164855978375999e+05 1.349047739529880829e-03
1.700404942536701565e+05 1.350752720145576187e-03
1.482287567645629751e+05 1.353026025501624695e-03
1.232640024371533946e+05 1.353310188496635981e-03
1.042819999340305221e+05 1.355299328418553117e-03
2.321148994209763594e+06 1.355583491109397989e-03
4.091119469231091440e+06 1.366381646861936907e-03
2.749305531330162194e+05 1.367518291892225743e-03
1.049948312612901209e+05 1.370928223644683058e-03
1.414501261659960728e+05 1.371780705714890350e-03
1.156993560903487378e+05 1.373201508406532911e-03
1.361565341709105705e+05 1.374622310141448587e-03
1.230363965269759938e+05 1.377748070577453424e-03
3.445069988255847711e+05 1.382010463637339164e-03
1.333497833424886921e+05 1.391103539868665268e-03
4.095583723899729666e+05 1.392808487247548885e-03
9.507512078311060322e+05 1.400480733418620061e-03
2.609740055956069846e+05 1.400764890140183223e-03
5.732041968763108365e+06 1.415256832968731903e-03
1.098607147374696360e+05 1.420087460476418062e-03
1.905944027681919979e+05 1.422360693152018756e-03
1.270561011350434856e+05 1.422929000937724585e-03
2.205012114587757387e+05 1.427191304456205435e-03
3.708225255159233930e+05 1.428896223443934825e-03
2.459434642662570404e+05 1.430316988240945726e-03
1.847539955797408766e+05 1.435715885755964186e-03
1.293104477326919441e+05 1.440830617910875827e-03
3.093984095739161712e+05 1.443387979293869706e-03
5.274711041171794059e+05 1.447081940277466150e-03
8.116651635023609269e+05 1.450775894862708307e-03
1.330801865320400684e+05 1.452480794874315157e-03
1.996329416564200365e+05 1.455322291849694798e-03
2.244566122898551985e+05 1.457027188196843371e-03
1.171812450047234015e+05 1.461005274318747001e-03
1.827105589405776118e+05 1.464699204651714057e-03
4.002966090270549757e+05 1.465551649190378588e-03
7.305840038560607936e+05 1.467256537279383426e-03
3.207511885004168726e+05 1.467824833020431015e-03
2.068907890389395179e+05 1.468393128633148316e-03
8.021997646557430271e+05 1.472939488084281474e-03
7.504849327339014271e+05 1.473223635219922953e-03
1.445464658110319288e+05 1.477201691580164915e-03
1.166759303501186514e+05 1.479190716935592943e-03
1.214715889749143826e+05 1.484305344879462444e-03
4.737070318225164083e+05 1.489135815316670018e-03
3.522905515654889168e+05 1.489704105230511486e-03
2.807459079412596184e+05 1.491977263443988429e-03
3.312051301065265434e+05 1.500501584836614472e-03
2.078679278673769149e+05 1.501069871694870207e-03
1.008095097575210617e+06 1.505047875479862676e-03
2.423194535462312342e+05 1.507036874675064158e-03
5.167201516706742696e+05 1.510162441095312842e-03
1.563909723209700023e+05 1.520391535174157871e-03
1.101321272245129803e+05 1.526074343541636855e-03
7.223118450678595109e+05 1.528063322816797676e-03
2.125353665319643915e+05 1.528915741961854200e-03
3.137638080634281505e+05 1.530336439812959252e-03
1.646793423769431829e+05 1.534882666547996702e-03
1.443782822603379376e+06 1.539428883408319173e-03
7.991802072763616452e+05 1.540281298037744339e-03
8.800079553408291191e+06 1.549373700032749589e-03
1.284501391270718450e+05 1.551930932751450706e-03
1.012089111541901220e+05 1.553351616375060274e-03
7.443870234813328134e+05 1.556761253145837447e-03
2.352748275249774742e+05 1.558181933560610823e-03
5.641079103562416276e+05 1.558750205468365001e-03
1.189348428271162120e+05 1.563296375403587382e-03
4.011068818672120105e+06 1.567842535454458831e-03
8.707762942347428761e+05 1.570968015759738193e-03
1.216671013473386265e+05 1.572388687209078789e-03
2.339388207236705057e+05 1.575514161060263948e-03
2.895385432807641919e+05 1.576934829464465967e-03
2.878565121868439601e+05 1.579207896953346672e-03
4.240777415931517608e+05 1.581765094974749587e-03
1.154793780917136901e+05 1.586595349509178215e-03
1.841188262152705714e+07 1.587447746210844711e-03
3.675535582285179989e+05 1.591425599064398826e-03
1.147617684530833649e+05 1.591709731153768135e-03
1.196087797738108347e+05 1.594551050032922941e-03
1.648982996270165022e+05 1.600517807104840512e-03
6.862648453985565575e+05 1.604211505333251507e-03
1.531754316053240327e+05 1.606484547261328088e-03
2.645034268960135523e+05 1.607905197231069769e-03
1.077201459096636972e+05 1.609609975952079695e-03
5.614256328859890345e+05 1.610462364797264666e-03
5.117253773822547519e+05 1.616429077236726302e-03
1.358985382369560248e+05 1.616713205973998365e-03
9.969208215668844059e+05 1.616997334685676534e-03
8.702213305797885405e+05 1.617849720649770741e-03
4.104300089692624169e+05 1.624952924180041993e-03
1.725633520067990466e+05 1.631771977000958176e-03
1.152087825562980492e+06 1.637170378043500659e-03
4.600721313059960492e+06 1.639159259284866639e-03
2.204668059955382720e+06 1.644273518695971289e-03
2.934470343230901635e+05 1.644841769035309794e-03
1.031686674784435891e+05 1.645125894175211842e-03
1.013779521708340617e+06 1.645694144356376308e-03
4.892064690102863242e+05 1.646546519393333498e-03
8.174095629463938531e+05 1.646830644336731491e-03
4.874002246851541568e+05 1.648819518068694867e-03
1.293253552383886999e+05 1.651376638770759566e-03
1.272463058888236847e+05 1.653081384183363329e-03
2.745872741275965236e+05 1.654502004308755795e-03
4.687798420549965231e+05 1.664730440830835059e-03
4.745207513804070186e+05 1.665866930708929852e-03
2.346496452131395636e+05 1.668708152827266984e-03
3.979338314109755680e+06 1.674106464289084684e-03
1.325145629384467378e+06 1.674390585557065502e-03
1.538700048521746357e+05 1.675527070755029446e-03
1.468063647872566653e+05 1.676947676437758267e-03
1.095522899808761722e+05 1.683482450180107635e-03
1.541515584039744223e+06 1.685187170402909764e-03
5.409098689096507151e+05 1.690869561819458152e-03
1.067645134414284403e+05 1.691721919226702332e-03
1.953438782832881261e+05 1.694563108132447499e-03
1.223621458570550021e+05 1.697404293204765385e-03
1.870281169178322889e+05 1.698256647977399586e-03
3.005470299470653990e+05 1.700529592372118908e-03
1.571725934009221965e+05 1.702234299080436150e-03
1.208321709686128161e+05 1.703370769460397366e-03
2.461072191481197078e+05 1.704507239232730485e-03
1.265306454364847013e+05 1.705643708406283463e-03
2.494433070789318066e+06 1.708768995481675440e-03
4.814127742169093108e+05 1.711894278508783356e-03
4.493507049516487867e+06 1.712746627652690905e-03
1.117910002772464068e+05 1.714167209268324622e-03
4.811165173215073301e+05 1.716724253963545273e-03
3.163528772441716865e+05 1.725531828678631124e-03
2.862804959669089876e+05 1.726100058033696932e-03
3.727366951059274143e+05 1.730361773413423071e-03
8.221522230861209100e+05 1.731782343307277207e-03
1.213904720810030820e+06 1.732918798595284911e-03
2.743813403028796893e+05 1.734055253377796797e-03
1.124075466203264223e+05 1.736896387759843258e-03
6.006166512637287378e+05 1.739453405415351860e-03
3.940695215903167264e+05 1.744283319331493658e-03
2.064104265629450092e+05 1.749681445343890564e-03
1.519179521179518779e+05 1.753943113962594348e-03
1.147619953534329543e+05 1.760477655649522180e-03
2.769678253783403430e+06 1.764455192754876573e-03
3.303589183651512139e+05 1.765875740165534849e-03
1.623694237416379037e+05 1.771557920557188847e-03
1.597719459369662683e+06 1.772126137747841949e-03
1.840353939759918675e+07 1.773546680221227195e-03
2.193858624694988830e+05 1.774399006215929969e-03
6.345294709313575877e+05 1.775251332348550199e-03
4.903621598149885540e+05 1.775819549596479533e-03
4.987186983588546282e+05 1.777524200521747371e-03
3.308406653400510550e+05 1.780649390409386494e-03
2.586556239891133737e+06 1.782638145226053206e-03
1.194609628097774257e+05 1.784058683490503385e-03
1.336860025671561016e+05 1.787752078649982885e-03
1.284348440786045103e+05 1.792865999648736875e-03
2.819851518232595990e+05 1.794570637206319716e-03
1.218532151217697538e+05 1.797695802513805171e-03
1.267707816224030830e+05 1.801105068447629619e-03
7.231230656425020425e+05 1.803662014260843088e-03
1.472177008541292162e+05 1.804230224034270502e-03
2.071020408741036954e+05 1.805650747851005088e-03
1.004772785521452024e+05 1.809060001122577647e-03
1.317416150697331177e+05 1.812469248842509678e-03
3.829010407767106080e+05 1.813321559907216194e-03
2.491396914395956555e+05 1.816162594368769334e-03
5.682888094069515355e+06 1.820708241551995295e-03
2.232038928570212738e+05 1.824969778831175404e-03
4.401642845052527264e+06 1.827242595263903462e-03
1.376063648163340404e+05 1.833492830060356755e-03
1.919364925630038779e+05 1.835197436341284502e-03
1.035087693887293863e+05 1.836902041254417483e-03
1.290388303610657022e+05 1.842299947665779767e-03
3.076519587682080455e+05 1.848834236772321955e-03
5.113749691654730705e+05 1.850538830597338617e-03
1.550701270337150781e+05 1.852243423100333793e-03
1.344812405564746296e+05 1.859629974639192716e-03
3.167954259599103243e+05 1.860198169829416995e-03
2.841725678334683180e+05 1.864743725918197384e-03
3.905980940888323239e+05 1.865027822844666974e-03
1.230733101895433647e+05 1.865880113433648424e-03
8.600686336087807417e+08 1.866732403690098997e-03
1.386141475424468517e+06 1.868152975620143361e-03
1.112365261484390794e+05 1.869857687517443960e-03
6.000485138269612798e+05 1.872130634610096956e-03
2.042976716452977387e+06 1.872698871011680213e-03
1.336886957560955081e+06 1.873551225452151298e-03
1.253779551175218221e+05 1.878949463093628749e-03
1.232704961531757750e+07 1.879801815137690157e-03
6.570165528559545055e+05 1.880654167473413876e-03
3.319299031315529719e+05 1.882358871820245111e-03
1.187348009085025551e+05 1.882642989078498049e-03
3.023834739919943269e+06 1.885200042759570911e-03
1.136656884668921703e+05 1.891166490705004522e-03
1.150678438518688083e+06 1.897985267575263415e-03
1.156983059465839906e+05 1.898269382793639623e-03
5.469428263521387707e+05 1.901110533169235667e-03
3.681147719644654426e+05 1.903951679797842014e-03
2.140032570047391055e+05 1.914748002032799247e-03
3.497333874745696085e+05 1.916736792162646724e-03
4.823050103556013783e+05 1.919009692911631450e-03
3.065163096731078695e+05 1.920998479114372241e-03
4.240929631316842278e+05 1.921282591275760843e-03
2.271247041534454329e+05 1.921850815509017858e-03
2.751110502295073238e+05 1.927248938200995304e-03
1.207571091232214822e+06 1.928101272098721583e-03
2.041500766944545030e+05 1.928669494539346800e-03
1.912628435673358035e+05 1.930658272001300199e-03
3.140122956904504821e+07 1.936056372783488775e-03
1.520265127098381636e+05 1.944295575000368247e-03
2.687881429487217683e+05 1.945432014250891460e-03
1.394475417496666778e+05 1.946000233652493000e-03
1.015304732751861913e+06 1.947136672015256946e-03
5.259418957469158340e+05 1.950830092737746487e-03
1.058314815806625265e+05 1.952534746326523496e-03
3.613261188655225560e+05 1.959637454715818568e-03
1.095992449078239879e+05 1.961626208780620998e-03
2.691942963311891654e+05 1.966171925289618427e-03
8.907060699460584437e+05 1.967308352888154973e-03
2.142572446566209255e+05 1.972990482051603916e-03
3.640793187830502284e+05 1.976399752183228241e-03
1.762032707804484235e+05 1.978388490575837527e-03
8.020788286361140199e+05 1.981229542182744163e-03
2.500453134725046402e+05 1.981797752060756972e-03
2.421062775108177157e+05 1.984922903797469666e-03
1.711724886518585554e+05 1.988048050914158812e-03
1.494883892135241185e+05 1.989184466900489369e-03
1.238592350313711650e+05 1.990604986032477441e-03
1.737067339330321411e+05 1.992025504212366002e-03
3.233910422272765078e+06 1.992593711218830759e-03
6.300947172847749665e+06 1.992877814666174901e-03
1.572694127174350433e+05 1.994014228891249386e-03
9.112532595944162458e+06 2.019299289019612503e-03
2.843436399786705733e+05 2.022708489721790695e-03
1.208127399733476341e+05 2.029810973932913432e-03
4.872487143103838316e+05 2.034640649420476483e-03
3.294412908513646107e+05 2.036061140131452483e-03
2.974663754767279606e+05 2.036913434117748698e-03
1.376488702082480304e+05 2.037765727779304245e-03
1.004051797510520089e+06 2.042027190945343382e-03
2.448881479295001191e+05 2.052822859592195320e-03
1.141171238399300165e+07 2.053391051137058460e-03
1.101849634452591708e+05 2.059641154169912156e-03
5.979022615346582606e+05 2.060777534587456515e-03
2.207395969915851019e+05 2.062482104133317017e-03
1.409942869225269242e+05 2.063334388402480752e-03
1.756055782455843873e+06 2.064754861433781320e-03
6.873738835566292983e+05 2.065038955924576418e-03
2.608062459202242317e+05 2.066743522417204340e-03
7.668405721515627578e+06 2.072993587833792898e-03
7.730602262360977475e+05 2.076402708707878169e-03
3.682655759053873480e+05 2.078391360211066449e-03
1.048210524644373363e+05 2.079811824460911854e-03
3.855924244323982857e+05 2.082652750099310730e-03
7.301570342998777051e+05 2.086061855865940350e-03
6.013433351477858378e+05 2.092027777933072770e-03
7.000475130265511107e+05 2.095720959423598862e-03
4.061884707942894893e+05 2.096005050037604012e-03
9.284054858080953127e+05 2.101402764878577186e-03
1.000398914964306168e+07 2.107084555338620095e-03
2.191816433036504604e+05 2.112766335247456394e-03
5.141944821985341259e+05 2.113618600947979147e-03
1.629577675887328514e+05 2.117879924437538700e-03
1.456159009259594895e+05 2.119584451420314635e-03
2.816904048192136688e+05 2.127254805709492911e-03
1.361539880211772397e+05 2.129811584259561855e-03
1.564425094132976956e+05 2.130095670572338361e-03
3.371713171438454883e+05 2.134641046428093197e-03
1.228622185420224559e+05 2.135777388870518413e-03
1.456304304355377681e+05 2.136345559866953143e-03
3.286217750189325772e+06 2.141743176707118761e-03
1.657357671628871467e+05 2.143447684810536984e-03
1.789092055827102158e+05 2.146004444514097807e-03
1.276218166702799790e+05 2.147708949266973096e-03
3.753374461847791681e+05 2.161913101542766065e-03
1.695705746886275301e+05 2.164753920472479651e-03
1.140481532122952776e+05 2.166458409999943296e-03
3.372287535357327759e+07 2.170435546859928073e-03
2.011520332880473230e+06 2.175264931086909499e-03
3.959412310244566761e+05 2.178389821886457522e-03
2.163676912219505291e+06 2.182366949056838579e-03
1.026945688291079132e+05 2.186628149114972462e-03
1.282316528326587868e+05 2.199695775282065318e-03
8.277774619310098933e+05 2.204241017411678015e-03
2.663732754325466813e+05 2.209070326664813299e-03
1.003413139434426266e+05 2.209922556566047171e-03
2.464350516706160270e+05 2.211058862576176405e-03
1.762992657899981132e+05 2.216456307795705485e-03
2.984685761157216039e+05 2.217592610287354507e-03
2.399934267307363625e+05 2.218160761310988913e-03
1.159925715176372090e+06 2.221001514201679725e-03
1.562504353229469853e+06 2.222705964232339973e-03
1.461282232147462433e+06 2.223274113983363023e-03
1.231388452913565270e+05 2.225262637261186949e-03
1.405621761047193431e+05 2.229807826338846190e-03
1.410027201416117023e+05 2.237761883492700010e-03
2.755833500640781131e+05 2.238330029275353589e-03
8.211060613100156188e+05 2.242591117839134660e-03
4.180403534260612796e+05 2.245147766972824081e-03
1.166289496815113089e+05 2.245431838907689399e-03
3.841616093397452496e+05 2.248840699271103475e-03
3.119104768275342067e+05 2.250829198638195066e-03
3.545406981482377741e+05 2.253101767089874235e-03
1.143224911323457345e+05 2.262760155722681656e-03
1.433542859632440843e+06 2.263896433807990882e-03
5.229671915532871499e+05 2.267305264766628168e-03
4.263627471740274341e+05 2.268441540567791865e-03
1.674722588289355626e+05 2.270998158975966272e-03
1.437087633675385732e+05 2.271850364428040867e-03
5.484723767322241329e+06 2.288610334534065763e-03
1.891076633824196470e+05 2.289462533090239407e-03
3.177197651547153946e+05 2.289746599245526953e-03
9.542701938219938893e+05 2.290030665367037699e-03
2.456059376027913822e+05 2.291166929573146618e-03
1.843157476126058900e+05 2.293155390525957339e-03
1.887106506167152838e+05 2.295711980440917881e-03
1.315875236103291099e+05 2.299688891929931641e-03
3.088022631862771814e+05 2.308494883362390959e-03
4.530412083756417269e+05 2.308778946983434856e-03
8.568872632689165184e+05 2.310483328003972835e-03
5.494770073472716613e+05 2.311619581318453444e-03
4.596076279818913317e+05 2.320425524122376234e-03
2.097791740595519077e+06 2.320709586175151180e-03
1.998124457838158822e+06 2.327527065372574349e-03
1.676944715748082148e+06 2.328379248816147586e-03
1.125066390364074177e+05 2.330083614979290736e-03
1.017493791873126902e+05 2.330935797566320404e-03
5.802227864543170435e+05 2.333208282789672565e-03
3.350517150853704079e+05 2.337469186127950297e-03
1.548878616624479182e+05 2.340309783607772906e-03
7.431086931454564910e+05 2.342298199572982742e-03
8.943984216307897121e+06 2.348263436496636752e-03
2.270789268304025754e+06 2.349115612273229656e-03
4.768699746011567768e+05 2.351672138678467545e-03
4.355901702010533959e+07 2.354512720076133714e-03
1.506040079027103784e+05 2.363886647335047917e-03
3.767258942535581882e+05 2.365022878229285346e-03
3.624640956148160156e+06 2.368715624492813768e-03
7.551065353627433069e+05 2.370988081146276853e-03
2.233560799052773509e+05 2.372408365434868893e-03
5.769402990204318427e+06 2.377805437095108568e-03
1.446694459625802701e+06 2.380077885191814787e-03
2.722735537703142036e+05 2.386895215944713055e-03
3.715440826355421450e+05 2.390587927576738516e-03
1.668197165871124307e+05 2.393428470632291780e-03
2.323355040253300685e+05 2.400245758316332106e-03
6.762142550445137313e+05 2.402234129734115865e-03
1.210454478854543122e+05 2.406210867126892632e-03
1.116620964220309834e+05 2.406778971855887909e-03
8.701626417689755326e+05 2.407063024163974291e-03
1.202813039159202162e+05 2.412744062693941271e-03
8.550829793078130484e+07 2.413880268558492043e-03
6.802590694836728508e+05 2.414732426975008464e-03
1.813072099756329553e+05 2.417004853736958239e-03
1.415254555060418206e+05 2.420413489319820938e-03
1.894805663337155711e+05 2.423822119381979084e-03
1.186484714614358672e+05 2.424390223856760611e-03
8.519977023909221170e+05 2.426662640250942110e-03
1.239413313890546269e+05 2.435468231088501294e-03
1.944206924490566307e+05 2.438876836969419096e-03
1.953154831774711201e+05 2.444841883976588224e-03
2.014955987069586699e+05 2.448250474673221207e-03
2.297126335842514411e+06 2.449386670352814502e-03
9.129499505095424829e+05 2.450522865597513054e-03
4.860259499815129093e+05 2.450806914326924320e-03
3.163890904407936148e+06 2.453363351465684319e-03
2.593523030642979138e+05 2.454215496650849395e-03
1.387293710774275241e+05 2.457055978422647679e-03
1.514077242160640890e+05 2.458760265652912367e-03
2.626581669189302484e+05 2.459896456381087480e-03
3.564743519043964916e+05 2.460180503967502891e-03
2.743255296407958958e+05 2.460464551522068347e-03
1.911089374877332302e+05 2.463020977914020387e-03
1.233287643226391228e+05 2.465577401222781607e-03
3.951539778106509708e+06 2.469554053531369114e-03
3.682753935250888462e+05 2.470690238821671852e-03
1.037206691407467151e+05 2.473246653770592041e-03
4.491689325048903120e+05 2.478927564746523544e-03
1.247839611371338833e+05 2.479495655005989081e-03
1.528982689134868269e+05 2.484608460546216743e-03
3.678658187096165493e+05 2.486028682102602635e-03
1.029179679353280808e+05 2.487164858684006320e-03
1.925290354835760314e+06 2.488301034664699984e-03
2.700519401754299761e+05 2.490573385125468674e-03
3.753146511598356301e+05 2.493697863110095128e-03
1.230607783171993913e+06 2.494549992679559632e-03
1.686777729562953464e+05 2.495402121974686291e-03
1.289011584013397805e+05 2.497674465177212363e-03
1.808135027983928740e+05 2.498526593249043685e-03
4.002973478061142960e+05 2.499094678443999646e-03
4.802762503340071416e+05 2.499662763499461288e-03
2.706128124991214718e+05 2.499946805974400787e-03
1.011034053061176965e+05 2.501651060122409356e-03
6.090923483931553783e+05 2.501935102346362124e-03
1.093178444144201057e+05 2.506763814539614103e-03
2.334310030122939032e+06 2.507331897597779753e-03
1.976343339490849175e+05 2.511308475482712955e-03
2.332915701989432273e+05 2.516989288082349500e-03
1.072730410099502915e+05 2.517273328306989227e-03
1.740553548109630647e+05 2.520397768322817870e-03
1.090954834994818375e+05 2.520965847828557805e-03
1.354103073007805797e+05 2.526646634486991172e-03
1.227772859381237649e+05 2.528066828752236796e-03
5.657632706033209106e+05 2.532611443971005943e-03
1.033731246010399045e+05 2.534031634258650332e-03
5.059384679392745602e+05 2.535167785813290803e-03
1.202345300643182563e+05 2.538576236921263711e-03
3.604562011477137567e+05 2.539144311570489584e-03
1.164855762551083026e+05 2.545393122746015570e-03
4.351439650725649553e+05 2.548517521358944875e-03
1.027617836087861360e+05 2.552778057552858651e-03
1.433771942819383985e+05 2.553062092990923595e-03
1.235810768953565566e+05 2.555334375152339133e-03
8.532713697296675527e+05 2.556754550263239112e-03
2.300908285820349120e+05 2.560731035733385553e-03
5.407730438036434352e+05 2.569820117192876934e-03
7.072163895652082283e+05 2.583737697228483295e-03
6.979023998390893685e+05 2.597371156004842519e-03
1.226157387513955910e+05 2.608732304420735906e-03
1.659287149418352346e+05 2.616685071657735839e-03
9.167575616873879917e+05 2.617537152075543640e-03
3.370960123376265634e+06 2.617821178805709165e-03
4.551944156405926333e+05 2.622933655255968877e-03
7.023675337545061484e+05 2.624353785454911891e-03
4.616684989731891546e+05 2.628898195916647227e-03
1.442760626085434051e+05 2.639975155516689938e-03
2.859714660571843386e+06 2.640259179350149584e-03
5.575130056716267718e+05 2.644519533311568641e-03
1.862442284737938899e+05 2.645087579874561522e-03
1.093711332660619519e+05 2.647643787600848560e-03
1.079664057574203907e+05 2.652188149223811027e-03
1.002877153207317897e+05 2.653040215934267167e-03
1.521914326015842089e+05 2.655596414010687363e-03
7.943528304491506424e+05 2.660140758491486273e-03
2.499182411041098821e+05 2.662980968962193589e-03
4.555469218132790411e+05 2.665821175652395916e-03
2.511712530211028934e+05 2.673773734190486567e-03
1.281825576762704586e+05 2.674057753579147951e-03
1.538335499142020126e+05 2.674625792256993435e-03
3.912221102248758543e+05 2.677465983383176071e-03
2.901989205033551552e+05 2.677750002283945611e-03
5.440404586455913959e+05 2.678318039997479565e-03
6.886890229624577332e+05 2.684282427030603227e-03
1.427460185193950601e+05 2.686270552371578749e-03
1.635130734354859742e+05 2.688542693349434652e-03
1.497475690654091595e+05 2.689962780225770879e-03
1.191810020719984605e+05 2.696779183913999324e-03
1.142575012967529008e+06 2.697915249044516729e-03
1.753161150636691018e+05 2.699051313649350470e-03
1.127020548509832297e+05 2.700471393592385975e-03
4.386545883375180420e+05 2.701039425304234236e-03
2.394536689002605272e+05 2.703595566201527980e-03
1.190826429641655413e+06 2.704163597096333627e-03
2.973042910692261066e+05 2.706719734487338797e-03
3.720263076038526488e+05 2.707571779615497356e-03
1.771253840448332194e+05 2.710979956792451337e-03
3.428290457067962852e+05 2.714104114378823856e-03
9.458030399852086557e+05 2.715524184503303670e-03
1.261154949311353557e+05 2.718648335646242729e-03
1.800149993021770788e+05 2.720636429432756083e-03
1.937540383176239557e+05 2.722908534338966315e-03
3.490192157945659012e+06 2.723192547279224256e-03
2.062512947435050737e+05 2.726032675422236564e-03
2.413391967981510388e+05 2.736825127724300775e-03
6.241803556666285731e+05 2.737393149993183963e-03
2.205527066960069642e+05 2.741085291214111295e-03
3.696709788109084475e+05 2.743641385220467292e-03
6.639580199540167814e+05 2.747901535097874506e-03
1.634279318361498299e+05 2.750741630355489284e-03
1.897551412788052694e+05 2.752729694778228205e-03
9.457410909785516560e+05 2.757273835016495808e-03
4.791659380842190003e+05 2.757841851877093197e-03
1.081029576760549971e+05 2.762953997110626121e-03
2.261087349331331498e+05 2.763238004813438169e-03
1.642203717387572629e+06 2.764090027710571548e-03
1.115504877545564203e+06 2.766930101928999439e-03
1.095461077305215003e+05 2.767782123512891202e-03
1.622780705133496376e+05 2.769202158774083412e-03
1.605685656875779387e+05 2.772042226447396160e-03
1.535186509761106689e+06 2.773178252450980968e-03
2.429018209041824564e+06 2.773462258856489171e-03
1.172801390748583217e+05 2.774598284440136890e-03
2.031434181501420098e+05 2.778858375161106543e-03
4.045072655438916408e+05 2.782550446832825035e-03
7.075232607404448790e+05 2.784254477768669141e-03
1.444798606255023333e+05 2.785106492757811417e-03
2.031050202405435557e+05 2.794478635052983703e-03
1.760445166454144055e+05 2.802430723002228685e-03
1.073911861919629155e+05 2.806406755702292415e-03
1.752298294492184650e+05 2.811518786693606355e-03
1.046563710165497178e+05 2.811802788049206150e-03
1.992621980403053458e+05 2.814358798576979161e-03
4.267504680154126254e+05 2.815778803098418180e-03
1.666291930254958803e+06 2.816062803888071814e-03
4.530528140757385409e+05 2.820890812290036825e-03
4.000829200230205432e+06 2.824582811370398346e-03
2.336849644864151778e+05 2.828558804450759592e-03
1.773458109536714328e+05 2.834806778599720332e-03
2.153188486970487284e+05 2.835090776981591225e-03
3.193861967903813929e+05 2.836794766518665068e-03
2.101659734444933420e+05 2.839350748296492512e-03
2.434190188860640919e+05 2.841622729522965719e-03
1.347567478837629259e+08 2.853266594866025931e-03
4.650253614711467526e+05 2.859798567609864259e-03
9.726517313495787093e+05 2.860934561430160915e-03
5.777334801073325798e+05 2.863206547420640152e-03
1.772702462994631205e+05 2.866046526605510198e-03
1.121306635196026764e+05 2.868034509779491398e-03
4.998639395923689604e+08 2.869170499327976416e-03
1.282938585968144180e+05 2.873714645236253619e-03
1.009671202576712531e+05 2.874850683412610765e-03
2.204714564191128593e+06 2.875702711647840863e-03
1.966595590763697110e+05 2.878826812788675468e-03
1.033451258235601126e+05 2.879394830692278816e-03
1.687798274453126127e+06 2.880814874800187355e-03
1.461144044272614119e+05 2.883654960523294834e-03
6.016642572123756399e+05 2.888199089789699695e-03
3.579171686759884004e+06 2.894447251752108388e-03
5.576808776523073902e+05 2.895299272579821177e-03
1.735739202690010425e+05 2.897855333374703239e-03
1.094973959277554386e+05 2.898139339938596033e-03
5.737338107026346261e+05 2.900979403528157648e-03
2.254911526350923814e+05 2.902115427930515492e-03
2.316911355369270314e+05 2.902967445850386345e-03
1.439565226125806803e+05 2.910351586827345655e-03
1.278093600159785128e+05 2.916883689909060325e-03
4.546082403049919521e+05 2.918019705765919226e-03
4.870673678783871001e+05 2.918871717279928561e-03
1.113649619046427106e+05 2.919439724783682959e-03
2.915485368183686514e+05 2.922279760079253726e-03
2.049817587126226863e+05 2.925687797433817929e-03
4.425245006694212556e+06 2.925971800296863802e-03
1.303142118996482750e+05 2.927391814518278453e-03
1.475457732486458553e+05 2.928527825303439518e-03
1.470285620612248022e+05 2.929947837937349735e-03
1.369849257982904383e+05 2.932219856180668261e-03
2.097708232618198963e+05 2.939603898541292854e-03
1.215027259033830196e+05 2.939887899650515078e-03
1.050929188957916922e+05 2.941023903733222013e-03
4.654426102087513427e+05 2.947839915364877921e-03
1.097642006224106881e+05 2.949543914866055525e-03
2.446161604954356444e+05 2.950395914108185601e-03
7.245181485564220930e+05 2.952099911589540961e-03
