# M_sub, z_sub
4.904350336478675842e+10 5.921956913128609973e-03
1.065778071958678436e+10 1.364391886983317217e-02
1.104166963172611427e+10 2.103693346912725165e-02
1.733824199194055939e+10 3.305455864900240515e-02
2.021135346468750381e+10 3.634878055108274608e-02
2.860511210055517960e+10 4.277557429638876446e-02
4.844291199359551239e+10 4.546156377097549522e-02
4.094401564658349121e+12 5.543937232600461285e-02
7.133883603820590210e+10 6.509183282921933433e-02
4.552427744395417023e+10 6.524734735139282871e-02
1.195573996535092545e+10 6.758223975357074975e-02
1.380059724924600220e+10 7.286820141910409221e-02
1.755013420503124237e+10 7.705942344803394517e-02
4.581267806413853455e+10 7.752480139480223686e-02
2.322798698281785202e+10 8.821467666668551810e-02
2.037909189343217087e+10 9.285188000391478291e-02
1.425321094461300659e+10 9.424200753773412376e-02
1.622130576286807861e+12 9.825527396160264881e-02
2.710217467691008377e+10 1.024997096283327552e-01
1.020975095400634003e+10 1.231961169695103969e-01
2.625817863011207886e+11 1.255406731975250989e-01
2.862064028798023987e+10 1.302406094768571998e-01
2.116875754067627716e+10 1.372831309277623146e-01
3.348100447054613037e+11 1.457202852183457353e-01
1.964117929792134857e+10 1.483837017344776243e-01
1.414006407485942650e+10 1.486970552790518318e-01
3.298879978220656586e+10 1.518302911719357773e-01
5.155325915325728607e+10 1.524568763739866939e-01
2.777132318427811813e+10 1.585661187556984264e-01
2.045464834649610519e+10 1.598187044619801267e-01
1.057386869568153763e+10 1.677985931986392398e-01
1.198211458038386917e+10 1.687366535111005372e-01
3.146236880256817871e+12 1.869981589812188538e-01
1.040748019329005241e+10 1.874789088928580094e-01
1.613728521349132538e+10 1.905652601314344330e-01
1.623946781720792770e+10 1.990057128514262919e-01
1.031724480235621452e+10 2.003034613057084190e-01
1.149588022510577202e+10 2.072754781269701974e-01
1.475273626393797874e+10 2.174788291051895084e-01
1.501749951184296989e+10 2.178025370712753095e-01
3.848328269505786896e+10 2.220107035323648226e-01
1.197317876045732689e+10 2.247623147853799741e-01
1.398290631113683701e+10 2.297784254696581263e-01
2.028518691724401474e+10 2.360858772183775101e-01
1.745105481675410080e+10 2.401277983647948089e-01
1.181057515120989037e+10 2.406127897721382913e-01
6.730151602939575195e+10 2.441694531444577598e-01
4.769766616929151154e+10 2.467575500833826263e-01
1.814609475603800964e+11 2.530676243560432415e-01
1.089933598480899811e+10 2.537158261714808627e-01
2.225596442204756927e+10 2.571208718999249410e-01
1.172081556927591324e+10 2.590667040844686353e-01
2.913890726825100327e+10 2.658757966678090279e-01
4.818458779884498291e+11 2.665242810524577899e-01
4.556941132225134277e+10 2.717454775781696918e-01
3.220971017402221298e+10 2.800695920019660168e-01
1.423254528969600868e+10 2.831709098782065892e-01
1.109413913914087296e+10 2.833341241446533099e-01
3.410534062957051849e+10 3.113961733575782431e-01
5.645270464164385223e+10 3.128642517298037551e-01
1.096044580705628586e+10 3.224948838234824033e-01
4.071930985154998016e+10 3.254330571151519691e-01
2.284745352770385742e+10 3.321288239431918199e-01
4.718012803541027832e+11 3.349058181629999686e-01
1.118683975539885712e+10 3.406609241848942982e-01
4.531977024266426849e+10 3.600702623505995792e-01
1.036806479425957794e+11 3.603993619668012238e-01
1.522025119729742622e+10 3.610585302493274917e-01
1.852169169318084335e+10 3.653458007625308701e-01
2.457611856734880066e+10 3.775532249991548905e-01
7.612139171689329529e+10 3.778832636074738183e-01
1.166544324958542442e+10 3.841625521602646254e-01
4.209231264630629730e+10 3.859808032156845647e-01
8.840898581993110657e+10 3.901161377590269264e-01
1.484647507252877235e+10 3.916067764691217867e-01
2.179265349225496292e+10 3.927666067846858344e-01
1.970558137772903748e+11 3.929323062530200583e-01
1.101358250156956177e+11 3.965893362740811612e-01
1.726116463595251083e+10 3.967555999156570645e-01
1.256741945836737442e+10 3.982548214651841501e-01
4.819442489583415985e+10 4.144232412281360078e-01
2.546280882593956375e+10 4.160919476528063266e-01
6.059027696184449005e+10 4.257780180303347151e-01
1.903730877301495743e+10 4.292895669615055532e-01
2.550342650536797333e+10 4.299586990072241099e-01
1.677391984515197182e+10 4.405064028310270441e-01
1.578890997569028854e+10 4.448629016163979655e-01
1.335539719797465324e+10 4.465392478879673388e-01
1.249801195346481476e+11 4.482161634354141500e-01
2.629906758436264038e+10 4.551068235604960877e-01
3.243661154440305710e+10 4.571251946817007639e-01
3.395635165598850632e+10 4.662170495018536642e-01
1.621311121832434387e+11 4.663854897475058769e-01
1.043900880627502060e+10 4.750049840738582718e-01
2.582820135171169281e+10 4.761888370515793834e-01
2.266738147975439453e+10 4.849912650928056013e-01
2.320512394503260803e+10 4.932962600927774388e-01
1.544306371986623573e+10 4.999141823095906156e-01
1.943364746042048645e+10 5.041601013313329327e-01
5.227769157829221344e+10 5.101097768333876514e-01
1.245241184630600128e+11 5.119819618785964588e-01
8.886043310362891846e+11 5.182949067186308767e-01
6.169709842236348877e+11 5.188118297146934177e-01
1.181669675349909019e+10 5.336845504678079388e-01
5.886357793291654205e+10 5.380657789123607371e-01
1.983412716795976639e+10 5.391185039238278742e-01
1.934049423114019775e+10 5.405229899645735969e-01
3.631857079626093292e+10 5.457940662401199461e-01
1.031502216826704597e+10 5.508961330190434991e-01
2.225187908892122269e+10 5.686986615772234854e-01
2.483865202339964676e+10 5.692283132703559456e-01
1.740486991392860794e+10 5.697582155177242091e-01
1.216098984538269997e+10 5.722326566316675578e-01
2.994915734163788223e+10 5.757699769288802116e-01
2.575234995493728638e+10 5.775401769912072991e-01
4.188572201613265137e+12 5.904839946430719966e-01
1.418534731895175743e+10 6.030605457880100495e-01
3.769907254162030640e+11 6.034425119439562613e-01
4.887971113675268555e+10 6.144117197998200108e-01
2.901389483166355896e+10 6.155685579546649189e-01
1.893250153882463837e+10 6.207805870820339855e-01
2.062496667707453918e+10 6.428491088673471410e-01
4.104151628366688538e+10 6.463431336074916267e-01
1.148295042296504402e+10 6.473146995951920557e-01
1.391250235534015656e+10 6.535391683028594079e-01
1.584036678256619263e+11 6.554863005763210682e-01
2.238525011592796326e+10 6.572438480542188710e-01
2.003758156816866684e+10 6.593942519162383498e-01
1.130214009363059692e+11 6.656575797326736987e-01
5.173826492029567719e+10 6.658534362050956279e-01
7.156386839376196289e+11 6.784417115901397732e-01
1.354878979850545502e+10 6.822319716561078273e-01
5.976315900698149109e+10 6.864285254760793542e-01
1.117167025179670143e+10 6.898319916660662354e-01
4.382213175927483368e+10 6.958456174459084487e-01
1.022405906915072060e+10 6.992593652345735489e-01
3.968520367507899475e+10 7.042852505643608652e-01
6.539703123004161377e+11 7.113357446036895348e-01
3.343234434585323334e+10 7.131704609242307535e-01
1.389123772330217743e+10 7.170537572486987976e-01
1.017965003629205322e+10 7.254472475440155721e-01
1.238840057966973495e+10 7.291378358128777215e-01
1.272551511128549004e+10 7.346807668863144514e-01
1.926101827269583893e+10 7.369415051779768522e-01
1.293040017887618828e+10 7.478546936270159540e-01
1.013267884209677429e+11 7.544587306746689537e-01
3.893690924821927643e+10 7.612927781454348342e-01
1.213930417454452324e+10 7.644051653009431568e-01
1.696933328937050781e+11 7.666896424395962528e-01
3.499293672426116943e+10 7.733638356572736239e-01
4.000634884178762817e+10 7.752442043474581101e-01
1.752868793495468750e+11 7.792199023609088782e-01
1.314219116541144371e+10 7.806899637536895975e-01
1.835875941464078140e+10 7.827924729709564433e-01
9.200760289516772461e+10 7.851072905219580456e-01
1.824907817209291992e+11 7.876383044665816735e-01
2.013500562426046371e+10 7.980277063601809440e-01
2.169882572548785782e+10 8.001521887256975996e-01
1.169112562645395279e+10 8.184780601886663121e-01
2.358903770128935242e+11 8.206149545837092552e-01
1.686582167165036316e+11 8.208287130586429114e-01
2.925815412962615204e+10 8.214745458927474875e-01
4.752223995802423859e+10 8.236316609194890281e-01
1.737370310722692108e+10 8.253597576820130843e-01
2.805840302532527161e+10 8.257920287465290166e-01
3.718456079118212891e+10 8.292543676393074881e-01
1.257891124508703041e+10 8.342406558077868350e-01
2.584571888293330765e+10 8.368454467213245485e-01
1.035055259893198967e+10 8.405404885716696306e-01
2.944395395185117798e+11 8.468535126974192639e-01
9.298115512858546448e+10 8.510189861186369109e-01
1.802799022020230484e+10 8.516781550362956255e-01
1.017706405550825119e+10 8.518980430098513912e-01
1.095432498230360985e+10 8.598270933074252387e-01
1.031634821097833443e+10 8.624743905644477460e-01
1.506025626614467049e+10 8.666707026914385326e-01
5.032505244269596863e+10 8.708730293251947252e-01
1.244026460594188080e+11 8.757497603172325062e-01
6.426859626919876099e+10 8.779738525273740324e-01
1.794279909648642731e+10 8.813175422920063173e-01
1.653071902220249367e+10 8.992106116160882845e-01
4.925430884189644165e+11 9.036992155894902901e-01
1.459076868573253822e+10 9.098289459798335477e-01
8.127014513669909668e+10 9.134687891752414357e-01
1.326062030431338348e+11 9.175748462327173449e-01
8.866614189199331665e+10 9.233017016545544964e-01
1.397930872288357735e+10 9.405727211007004485e-01
1.192401150736505890e+10 9.417274668232722412e-01
1.695487939932806206e+10 9.539953093763592351e-01
7.355403881904246521e+10 9.588699731939055448e-01
3.937594464974445801e+11 9.611970683563806350e-01
1.922555628837680435e+10 9.649545481936453450e-01
1.978966302019999695e+11 9.680133770418926087e-01
7.781566199615591431e+10 9.720341510446732780e-01
1.049265557529583168e+10 9.779670363038303060e-01
2.460322201844658661e+10 9.827222172314534765e-01
4.012328232199610901e+10 9.877250472352145927e-01
1.017527548071595955e+10 1.013355954358770239e+00
1.220223657832858849e+10 1.029510703242912939e+00
1.357331407468736649e+10 1.036045207760591502e+00
1.885053588371368790e+10 1.051592072411345002e+00
1.063352001197294426e+10 1.067465935566584312e+00
3.374496326009405518e+11 1.067710767161247798e+00
3.051292623959091568e+10 1.072648937034392347e+00
1.595260484989718246e+10 1.089017412890724179e+00
3.176481275851671982e+10 1.091754713656038378e+00
4.160402907985866089e+11 1.099987156600695126e+00
6.397901423701818848e+10 1.102003410421480867e+00
1.337073794035014534e+10 1.105291184509594071e+00
1.154388261747646904e+10 1.112133598606995566e+00
1.205544758731290054e+10 1.114418328596811003e+00
8.634684410328572083e+10 1.116196992761358198e+00
3.463960219941896820e+10 1.134077038000498971e+00
1.557190207027417297e+11 1.135359043123326694e+00
1.441700932064488792e+10 1.139222400969749582e+00
5.490987183540567017e+10 1.150848593323965829e+00
1.326314463513745270e+11 1.183945822863171404e+00
3.510737593220162964e+10 1.191051581092537948e+00
1.377615585480558777e+10 1.196859425526326737e+00
6.024324812098358917e+10 1.212496799372728917e+00
9.477465159798260498e+11 1.226902694165720176e+00
1.109889590674646378e+10 1.240073828454219651e+00
1.929887476135981140e+11 1.248066106004808606e+00
2.702924899713981323e+11 1.262801243774027471e+00
2.627478794413376999e+10 1.265888816317463528e+00
4.081460491169170410e+12 1.273491155794121754e+00
1.352547654035396576e+10 1.277878089859858735e+00
1.842975770105561066e+10 1.284206966606612932e+00
2.267469071546984100e+10 1.284840784264341673e+00
1.523124874761671638e+10 1.306172682488866865e+00
3.669052885327301636e+11 1.317704241694147349e+00
1.263149821333002472e+10 1.318349733700389548e+00
1.586464119339496422e+10 1.321923008419482848e+00
4.391643447769071198e+10 1.332674525579143232e+00
6.244110774580049133e+10 1.339218282035656404e+00
2.420754856298027039e+10 1.344802335459330145e+00
1.023370207628592682e+10 1.364945259833944213e+00
3.454231450781038818e+11 1.367598184363129077e+00
2.294654756447019958e+10 1.376661963061637683e+00
9.729218121292578125e+12 1.382052288164457465e+00
1.587555803204722023e+10 1.382389535090644106e+00
3.336069528738916016e+11 1.390040089536475731e+00
2.071154941840788269e+10 1.408541830094572900e+00
1.568044906790332222e+10 1.413925463709240882e+00
5.781969673415958405e+10 1.424237973095684007e+00
2.355947805275411224e+10 1.457465507013530059e+00
1.309195886974391937e+10 1.481528998263709429e+00
7.898571532376023438e+12 1.491114662467589058e+00
1.129022905895519043e+12 1.496215871187590141e+00
1.674153412471757507e+10 1.500287512275124246e+00
2.301691985792669296e+10 1.515220334024314441e+00
8.041456503937507629e+10 1.525231289170888571e+00
3.373968201032748032e+10 1.566685667307609497e+00
4.033963409198235321e+10 1.588967557401857134e+00
1.462506863740568237e+11 1.609741531096459788e+00
1.065328400701008415e+10 1.645941730566562011e+00
2.686757769276904785e+12 1.676328377155593463e+00
1.223608201109881592e+10 1.691796555045386841e+00
2.585290743390161133e+10 1.721178793663131756e+00
1.289227642169483757e+10 1.748620018188629555e+00
4.625313958774292755e+10 1.801993320983893643e+00
4.532610837483018494e+10 1.880619319334006390e+00
2.779282870937065506e+10 1.903743248564726320e+00
1.194185972171040154e+10 1.907418496793429119e+00
5.015620094851935577e+10 1.912334754035289519e+00
8.945219895594796143e+11 1.920997331678062414e+00
1.261826195674732208e+10 1.977203576445496713e+00
1.263572657842318153e+10 2.051738496217351937e+00
1.759243349401488876e+10 2.104984861020527287e+00
1.570637045395506668e+10 2.109350667612340580e+00
3.461255203249502563e+11 2.178780762999795506e+00
1.630219467546718750e+12 2.197483325119308439e+00
2.196170215117191315e+10 2.214815686646974147e+00
3.523020011662832642e+10 2.307403702680375090e+00
9.866232448681877136e+10 2.342546426052956043e+00
3.575117161813646698e+10 2.393679654432168569e+00
1.383203969078568459e+10 2.421921142225143431e+00
1.336678847959290504e+10 2.508521598589759982e+00
2.277178958010302246e+12 2.515299204794652077e+00
1.493849176542400551e+10 2.597515419374803791e+00
4.505618820887293243e+10 2.736076168585444890e+00
4.675344486961116028e+10 2.831896525726599556e+00
8.054765849802156982e+11 2.844752261188059350e+00
4.373512285870642853e+10 2.860872800116252002e+00
1.079089920910031700e+10 2.884968203659544539e+00
1.794815714637925720e+10 2.940375413250471137e+00
1.180576802523819351e+10 3.061635740146829932e+00
1.121636942729669800e+11 3.068148679480737329e+00
1.292039198995054245e+10 3.123849819871016731e+00
6.836694937575083008e+11 3.383195620206290055e+00
3.771754332698110199e+10 3.484655343049140264e+00
3.019156406985887451e+11 3.718659980307342128e+00
3.856968251215735626e+10 3.885769065991242943e+00
1.197512721905995483e+11 4.148909314388490088e+00
2.235658468350032043e+10 4.426095128034761572e+00
1.685998988633269501e+10 5.208767402855666084e+00
